   1 CT  0.7600780000E-21  0.1908000000E-09
   2 HC  0.1090790000E-21  0.1487000000E-09
   3 OF  0.1080060000E-20  0.1776600000E-09
   4 HF  0.0000000000E+00  0.0000000000E+00
   5 OW  0.1056050000E-20  0.1768300000E-09
   6 HW  0.0000000000E+00  0.0000000000E+00
   7 CH  0.7600780000E-21  0.1908000000E-09
   8 H1  0.1090790000E-21  0.1387000000E-09
   9 HO  0.0000000000E+00  0.0000000000E+00
  10 OH  0.1461800000E-20  0.1721000000E-09
  11 AR  0.1714330000E-20  0.1918300000E-09
  12 OE  0.1079630000E-20  0.1776860000E-09
  13 HE  0.0000000000E+00  0.0000000000E+00
  14 OB  0.1079632717E-20  0.1776609296E-09
  15 HB  0.0000000000E+00  0.0000000000E+00
  16 PT  0.5671710000E-19  0.1415990000E-09
  17 NA  0.6948000000E-21  0.1450000000E-09
  18 KI  0.6948000000E-21  0.1869000000E-09
  19 CL  0.6948000000E-21  0.2469000000E-09
  20 RP  0.1000000000E-21  0.1500000000E-09
  21 NP  0.1000000000E-20  0.5000000000E-09
  22 O1  0.1560000000E-20  0.1927000000E-09
  23 O2  0.1657000000E-20  0.1891000000E-09
  24 O3  0.6158000000E-21  0.1734000000E-09
  25 O4  0.5246900000E-21  0.1801800000E-09
  26 N1  0.1263000000E-20  0.2066000000E-09
  27 N2  0.1367000000E-20  0.2017000000E-09
  28 N3  0.5063300000E-21  0.1856400000E-09
  29 CM  0.1575713800E-20  0.2205638000E-09
  30 CA  0.6496363800E-21  0.2205638000E-09
  31 SA  0.1993720200E-20  0.1993720200E-09
  32 GA  0.2710930700E-21  0.1646500000E-09
  33 AU  0.2710930700E-21  0.1646500000E-09
END
