     1 C3 -0.95700E-10 -0.11940E-09 -0.13000E-10
     2 C1  0.00000E+00  0.00000E+00  0.00000E+00
     3 C2  0.13810E-09 -0.39600E-10 -0.56300E-10
     4 C1  0.26490E-09  0.39600E-10 -0.11900E-10
     5 C2  0.37410E-09  0.12300E-10 -0.11870E-09
     6 C1  0.50980E-09  0.86100E-10 -0.11660E-09
     7 C2  0.58630E-09  0.70200E-10  0.16700E-10
     8 C1  0.73720E-09  0.10690E-09  0.59000E-11
     9 C2  0.82060E-09  0.13500E-10  0.97300E-10
    10 C1  0.97540E-09  0.26100E-10  0.94800E-10
    11 C2  0.10321E-08  0.34800E-10 -0.49200E-10
    12 C1  0.11868E-08  0.43600E-10 -0.57700E-10
    13 C2  0.12392E-08 -0.43400E-10 -0.17380E-09
    14 C1  0.13921E-08 -0.64300E-10 -0.18950E-09
    15 C2  0.14668E-08 -0.10480E-09 -0.59700E-10
    16 C1  0.15502E-08  0.31000E-11  0.15300E-10
    17 C2  0.16985E-08 -0.42800E-10  0.24000E-10
    18 C1  0.17941E-08  0.50700E-10  0.10140E-09
    19 C2  0.19339E-08 -0.13900E-10  0.11860E-09
    20 C1  0.20317E-08 -0.00000E+00  0.00000E+00
    21 C3  0.20798E-08 -0.13700E-09 -0.48300E-10
    22 C3 -0.62000E-10  0.11830E-09 -0.75600E-10
    23 C3  0.24110E-09  0.18720E-09  0.16400E-10
    24 C3  0.49820E-09  0.23050E-09 -0.16580E-09
    25 C3  0.76090E-09  0.25450E-09  0.38600E-10
    26 C3  0.10258E-08  0.13410E-09  0.19090E-09
    27 C3  0.12296E-08  0.18980E-09 -0.72700E-10
    28 C3  0.14601E-08  0.43700E-10 -0.27360E-09
    29 C3  0.14928E-08  0.28300E-10  0.15540E-09
    30 C3  0.17991E-08  0.19130E-09  0.41400E-10
    31 C3  0.21527E-08  0.84700E-10  0.41200E-10
    32 H1  0.84000E-11  0.24600E-10  0.10640E-09
    33 H1  0.29880E-09 -0.48000E-11  0.82700E-10
    34 H1  0.56940E-09  0.34200E-10 -0.19320E-09
    35 H1  0.76840E-09  0.89000E-10 -0.97600E-10
    36 H1  0.10128E-08 -0.68500E-10  0.13680E-09
    37 H1  0.12269E-08  0.25000E-11  0.35000E-10
    38 H1  0.13983E-08 -0.15410E-09 -0.25310E-09
    39 H1  0.15472E-08  0.97900E-10 -0.38600E-10
    40 H1  0.17556E-08  0.60500E-10  0.20370E-09
    41 H1  0.19834E-08  0.48700E-10 -0.85200E-10
    42 H2  0.13050E-09 -0.38800E-10 -0.16590E-09
    43 H2  0.15770E-09 -0.14460E-09 -0.30100E-10
    44 H2  0.33070E-09  0.29000E-10 -0.21820E-09
    45 H2  0.39590E-09 -0.95400E-10 -0.11500E-09
    46 H2  0.57730E-09 -0.34900E-10  0.46900E-10
    47 H2  0.53880E-09  0.12890E-09  0.96100E-10
    48 H2  0.79750E-09 -0.89900E-10  0.68000E-10
    49 H2  0.78530E-09  0.23200E-10  0.20080E-09
    50 H2  0.98890E-09  0.12020E-09 -0.10260E-09
    51 H2  0.99710E-09 -0.54700E-10 -0.10230E-09
    52 H2  0.11981E-08 -0.62000E-11 -0.26870E-09
    53 H2  0.11961E-08 -0.14370E-09 -0.16090E-09
    54 H2  0.15351E-08 -0.18580E-09 -0.89200E-10
    55 H2  0.13963E-08 -0.15350E-09  0.89000E-11
    56 H2  0.17370E-08 -0.56900E-10 -0.77900E-10
    57 H2  0.17009E-08 -0.14160E-09  0.71900E-10
    58 H2  0.19204E-08 -0.11970E-09  0.14460E-09
    59 H2  0.19790E-08  0.31300E-10  0.20800E-09
    60 H3 -0.16650E-09  0.13300E-09 -0.46300E-10
    61 H3 -0.60000E-10  0.10160E-09 -0.18390E-09
    62 H3 -0.10400E-10  0.21230E-09 -0.55500E-10
    63 H3  0.16140E-09  0.20140E-09  0.89900E-10
    64 H3  0.21580E-09  0.24220E-09 -0.74700E-10
    65 H3  0.32950E-09  0.23320E-09  0.61200E-10
    66 H3  0.42270E-09  0.24020E-09 -0.24450E-09
    67 H3  0.59320E-09  0.26380E-09 -0.20910E-09
    68 H3  0.47260E-09  0.30010E-09 -0.85600E-10
    69 H3  0.69160E-09  0.32060E-09 -0.13600E-10
    70 H3  0.86090E-09  0.28570E-09  0.74000E-11
    71 H3  0.75010E-09  0.27370E-09  0.14580E-09
    72 H3  0.97780E-09  0.12450E-09  0.28890E-09
    73 H3  0.10074E-08  0.23530E-09  0.15450E-09
    74 H3  0.11335E-08  0.12440E-09  0.20790E-09
    75 H3  0.11795E-08  0.25460E-09 -0.30000E-12
    76 H3  0.12056E-08  0.22780E-09 -0.17260E-09
    77 H3  0.13367E-08  0.20200E-09 -0.56200E-10
    78 H3  0.15662E-08  0.20400E-10 -0.28780E-09
    79 H3  0.14530E-08  0.14340E-09 -0.22990E-09
    80 H3  0.14143E-08  0.48900E-10 -0.37310E-09
    81 H3  0.13886E-08  0.60300E-10  0.15090E-09
    82 H3  0.15461E-08  0.10860E-09  0.20700E-09
    83 H3  0.14980E-08 -0.61800E-10  0.21740E-09
    84 H3  0.18786E-08  0.25090E-09  0.87300E-10
    85 H3  0.18157E-08  0.18890E-09 -0.66800E-10
    86 H3  0.17049E-08  0.24440E-09  0.58400E-10
    87 H3  0.21212E-08  0.18400E-09  0.75000E-10
    88 H3  0.22216E-08  0.98300E-10 -0.42800E-10
    89 H3  0.22083E-08  0.37300E-10  0.12290E-09
    90 H3 -0.59100E-10 -0.20540E-09  0.44000E-10
    91 H3 -0.10660E-09 -0.15020E-09 -0.11770E-09
    92 H3 -0.19520E-09 -0.94200E-10  0.25200E-10
    93 H3  0.21295E-08 -0.19260E-09  0.31900E-10
    94 H3  0.21510E-08 -0.12610E-09 -0.13090E-09
    95 H3  0.19956E-08 -0.19680E-09 -0.84500E-10
END
