<BOND>
     1     1     2 C1-C3
     2     1    90 C3-H3
     3     1    91 C3-H3
     4     1    92 C3-H3
     5     2     3 C1-C2
     6     2    22 C1-C3
     7     2    32 C1-H1
     8     3     4 C1-C2
     9     3    42 C2-H2
    10     3    43 C2-H2
    11     4     5 C1-C2
    12     4    23 C1-C3
    13     4    33 C1-H1
    14     5     6 C1-C2
    15     5    44 C2-H2
    16     5    45 C2-H2
    17     6     7 C1-C2
    18     6    24 C1-C3
    19     6    34 C1-H1
    20     7     8 C1-C2
    21     7    46 C2-H2
    22     7    47 C2-H2
    23     8     9 C1-C2
    24     8    25 C1-C3
    25     8    35 C1-H1
    26     9    10 C1-C2
    27     9    48 C2-H2
    28     9    49 C2-H2
    29    10    11 C1-C2
    30    10    26 C1-C3
    31    10    36 C1-H1
    32    11    12 C1-C2
    33    11    50 C2-H2
    34    11    51 C2-H2
    35    12    13 C1-C2
    36    12    27 C1-C3
    37    12    37 C1-H1
    38    13    14 C1-C2
    39    13    52 C2-H2
    40    13    53 C2-H2
    41    14    15 C1-C2
    42    14    28 C1-C3
    43    14    38 C1-H1
    44    15    16 C1-C2
    45    15    54 C2-H2
    46    15    55 C2-H2
    47    16    17 C1-C2
    48    16    29 C1-C3
    49    16    39 C1-H1
    50    17    18 C1-C2
    51    17    56 C2-H2
    52    17    57 C2-H2
    53    18    19 C1-C2
    54    18    30 C1-C3
    55    18    40 C1-H1
    56    19    20 C1-C2
    57    19    58 C2-H2
    58    19    59 C2-H2
    59    20    21 C1-C3
    60    20    31 C1-C3
    61    20    41 C1-H1
    62    21    93 C3-H3
    63    21    94 C3-H3
    64    21    95 C3-H3
    65    22    60 C3-H3
    66    22    61 C3-H3
    67    22    62 C3-H3
    68    23    63 C3-H3
    69    23    64 C3-H3
    70    23    65 C3-H3
    71    24    66 C3-H3
    72    24    67 C3-H3
    73    24    68 C3-H3
    74    25    69 C3-H3
    75    25    70 C3-H3
    76    25    71 C3-H3
    77    26    72 C3-H3
    78    26    73 C3-H3
    79    26    74 C3-H3
    80    27    75 C3-H3
    81    27    76 C3-H3
    82    27    77 C3-H3
    83    28    78 C3-H3
    84    28    79 C3-H3
    85    28    80 C3-H3
    86    29    81 C3-H3
    87    29    82 C3-H3
    88    29    83 C3-H3
    89    30    84 C3-H3
    90    30    85 C3-H3
    91    30    86 C3-H3
    92    31    87 C3-H3
    93    31    88 C3-H3
    94    31    89 C3-H3

<ANGLE_UB>
     1     1     2     3 C2-C1-C3
     2     1     2    22 C3-C1-C3
     3     1     2    32 C3-C1-H1
     4     2     1    90 C1-C3-H3
     5     2     1    91 C1-C3-H3
     6     2     1    92 C1-C3-H3
     7     2     3     4 C1-C2-C1
     8     2     3    42 C1-C2-H2
     9     2     3    43 C1-C2-H2
    10     2    22    60 C1-C3-H3
    11     2    22    61 C1-C3-H3
    12     2    22    62 C1-C3-H3
    13     3     2    22 C2-C1-C3
    14     3     2    32 C2-C1-H1
    15     3     4     5 C2-C1-C2
    16     3     4    23 C2-C1-C3
    17     3     4    33 C2-C1-H1
    18     4     3    42 C1-C2-H2
    19     4     3    43 C1-C2-H2
    20     4     5     6 C1-C2-C1
    21     4     5    44 C1-C2-H2
    22     4     5    45 C1-C2-H2
    23     4    23    63 C1-C3-H3
    24     4    23    64 C1-C3-H3
    25     4    23    65 C1-C3-H3
    26     5     4    23 C2-C1-C3
    27     5     4    33 C2-C1-H1
    28     5     6     7 C2-C1-C2
    29     5     6    24 C2-C1-C3
    30     5     6    34 C2-C1-H1
    31     6     5    44 C1-C2-H2
    32     6     5    45 C1-C2-H2
    33     6     7     8 C1-C2-C1
    34     6     7    46 C1-C2-H2
    35     6     7    47 C1-C2-H2
    36     6    24    66 C1-C3-H3
    37     6    24    67 C1-C3-H3
    38     6    24    68 C1-C3-H3
    39     7     6    24 C2-C1-C3
    40     7     6    34 C2-C1-H1
    41     7     8     9 C2-C1-C2
    42     7     8    25 C2-C1-C3
    43     7     8    35 C2-C1-H1
    44     8     7    46 C1-C2-H2
    45     8     7    47 C1-C2-H2
    46     8     9    10 C1-C2-C1
    47     8     9    48 C1-C2-H2
    48     8     9    49 C1-C2-H2
    49     8    25    69 C1-C3-H3
    50     8    25    70 C1-C3-H3
    51     8    25    71 C1-C3-H3
    52     9     8    25 C2-C1-C3
    53     9     8    35 C2-C1-H1
    54     9    10    11 C2-C1-C2
    55     9    10    26 C2-C1-C3
    56     9    10    36 C2-C1-H1
    57    10     9    48 C1-C2-H2
    58    10     9    49 C1-C2-H2
    59    10    11    12 C1-C2-C1
    60    10    11    50 C1-C2-H2
    61    10    11    51 C1-C2-H2
    62    10    26    72 C1-C3-H3
    63    10    26    73 C1-C3-H3
    64    10    26    74 C1-C3-H3
    65    11    10    26 C2-C1-C3
    66    11    10    36 C2-C1-H1
    67    11    12    13 C2-C1-C2
    68    11    12    27 C2-C1-C3
    69    11    12    37 C2-C1-H1
    70    12    11    50 C1-C2-H2
    71    12    11    51 C1-C2-H2
    72    12    13    14 C1-C2-C1
    73    12    13    52 C1-C2-H2
    74    12    13    53 C1-C2-H2
    75    12    27    75 C1-C3-H3
    76    12    27    76 C1-C3-H3
    77    12    27    77 C1-C3-H3
    78    13    12    27 C2-C1-C3
    79    13    12    37 C2-C1-H1
    80    13    14    15 C2-C1-C2
    81    13    14    28 C2-C1-C3
    82    13    14    38 C2-C1-H1
    83    14    13    52 C1-C2-H2
    84    14    13    53 C1-C2-H2
    85    14    15    16 C1-C2-C1
    86    14    15    54 C1-C2-H2
    87    14    15    55 C1-C2-H2
    88    14    28    78 C1-C3-H3
    89    14    28    79 C1-C3-H3
    90    14    28    80 C1-C3-H3
    91    15    14    28 C2-C1-C3
    92    15    14    38 C2-C1-H1
    93    15    16    17 C2-C1-C2
    94    15    16    29 C2-C1-C3
    95    15    16    39 C2-C1-H1
    96    16    15    54 C1-C2-H2
    97    16    15    55 C1-C2-H2
    98    16    17    18 C1-C2-C1
    99    16    17    56 C1-C2-H2
   100    16    17    57 C1-C2-H2
   101    16    29    81 C1-C3-H3
   102    16    29    82 C1-C3-H3
   103    16    29    83 C1-C3-H3
   104    17    16    29 C2-C1-C3
   105    17    16    39 C2-C1-H1
   106    17    18    19 C2-C1-C2
   107    17    18    30 C2-C1-C3
   108    17    18    40 C2-C1-H1
   109    18    17    56 C1-C2-H2
   110    18    17    57 C1-C2-H2
   111    18    19    20 C1-C2-C1
   112    18    19    58 C1-C2-H2
   113    18    19    59 C1-C2-H2
   114    18    30    84 C1-C3-H3
   115    18    30    85 C1-C3-H3
   116    18    30    86 C1-C3-H3
   117    19    18    30 C2-C1-C3
   118    19    18    40 C2-C1-H1
   119    19    20    21 C2-C1-C3
   120    19    20    31 C2-C1-C3
   121    19    20    41 C2-C1-H1
   122    20    19    58 C1-C2-H2
   123    20    19    59 C1-C2-H2
   124    20    21    93 C1-C3-H3
   125    20    21    94 C1-C3-H3
   126    20    21    95 C1-C3-H3
   127    20    31    87 C1-C3-H3
   128    20    31    88 C1-C3-H3
   129    20    31    89 C1-C3-H3
   130    21    20    31 C3-C1-C3
   131    21    20    41 C3-C1-H1
   132    22     2    32 C3-C1-H1
   133    23     4    33 C3-C1-H1
   134    24     6    34 C3-C1-H1
   135    25     8    35 C3-C1-H1
   136    26    10    36 C3-C1-H1
   137    27    12    37 C3-C1-H1
   138    28    14    38 C3-C1-H1
   139    29    16    39 C3-C1-H1
   140    30    18    40 C3-C1-H1
   141    31    20    41 C3-C1-H1
   142    42     3    43 H2-C2-H2
   143    44     5    45 H2-C2-H2
   144    46     7    47 H2-C2-H2
   145    48     9    49 H2-C2-H2
   146    50    11    51 H2-C2-H2
   147    52    13    53 H2-C2-H2
   148    54    15    55 H2-C2-H2
   149    56    17    57 H2-C2-H2
   150    58    19    59 H2-C2-H2
   151    60    22    61 H3-C3-H3
   152    60    22    62 H3-C3-H3
   153    61    22    62 H3-C3-H3
   154    63    23    64 H3-C3-H3
   155    63    23    65 H3-C3-H3
   156    64    23    65 H3-C3-H3
   157    66    24    67 H3-C3-H3
   158    66    24    68 H3-C3-H3
   159    67    24    68 H3-C3-H3
   160    69    25    70 H3-C3-H3
   161    69    25    71 H3-C3-H3
   162    70    25    71 H3-C3-H3
   163    72    26    73 H3-C3-H3
   164    72    26    74 H3-C3-H3
   165    73    26    74 H3-C3-H3
   166    75    27    76 H3-C3-H3
   167    75    27    77 H3-C3-H3
   168    76    27    77 H3-C3-H3
   169    78    28    79 H3-C3-H3
   170    78    28    80 H3-C3-H3
   171    79    28    80 H3-C3-H3
   172    81    29    82 H3-C3-H3
   173    81    29    83 H3-C3-H3
   174    82    29    83 H3-C3-H3
   175    84    30    85 H3-C3-H3
   176    84    30    86 H3-C3-H3
   177    85    30    86 H3-C3-H3
   178    87    31    88 H3-C3-H3
   179    87    31    89 H3-C3-H3
   180    88    31    89 H3-C3-H3
   181    90     1    91 H3-C3-H3
   182    90     1    92 H3-C3-H3
   183    91     1    92 H3-C3-H3
   184    93    21    94 H3-C3-H3
   185    93    21    95 H3-C3-H3
   186    94    21    95 H3-C3-H3

<TORSION>
     1     1     2     3     4  X-C1-C2-X 
     2     1     2     3    42  X-C1-C2-X 
     3     1     2     3    43  X-C1-C2-X 
     4     1     2    22    60  X-C1-C3-X 
     5     1     2    22    61  X-C1-C3-X 
     6     1     2    22    62  X-C1-C3-X 
     7     2     3     4     5  X-C1-C2-X 
     8     2     3     4    23  X-C1-C2-X 
     9     2     3     4    33  X-C1-C2-X 
    10     3     2     1    90  X-C1-C3-X 
    11     3     2     1    91  X-C1-C3-X 
    12     3     2     1    92  X-C1-C3-X 
    13     3     2    22    60  X-C1-C3-X 
    14     3     2    22    61  X-C1-C3-X 
    15     3     2    22    62  X-C1-C3-X 
    16     3     4     5     6  X-C1-C2-X 
    17     3     4     5    44  X-C1-C2-X 
    18     3     4     5    45  X-C1-C2-X 
    19     3     4    23    63  X-C1-C3-X 
    20     3     4    23    64  X-C1-C3-X 
    21     3     4    23    65  X-C1-C3-X 
    22     4     3     2    22  X-C1-C2-X 
    23     4     3     2    32  X-C1-C2-X 
    24     4     5     6     7  X-C1-C2-X 
    25     4     5     6    24  X-C1-C2-X 
    26     4     5     6    34  X-C1-C2-X 
    27     5     4     3    42  X-C1-C2-X 
    28     5     4     3    43  X-C1-C2-X 
    29     5     4    23    63  X-C1-C3-X 
    30     5     4    23    64  X-C1-C3-X 
    31     5     4    23    65  X-C1-C3-X 
    32     5     6     7     8  X-C1-C2-X 
    33     5     6     7    46  X-C1-C2-X 
    34     5     6     7    47  X-C1-C2-X 
    35     5     6    24    66  X-C1-C3-X 
    36     5     6    24    67  X-C1-C3-X 
    37     5     6    24    68  X-C1-C3-X 
    38     6     5     4    23  X-C1-C2-X 
    39     6     5     4    33  X-C1-C2-X 
    40     6     7     8     9  X-C1-C2-X 
    41     6     7     8    25  X-C1-C2-X 
    42     6     7     8    35  X-C1-C2-X 
    43     7     6     5    44  X-C1-C2-X 
    44     7     6     5    45  X-C1-C2-X 
    45     7     6    24    66  X-C1-C3-X 
    46     7     6    24    67  X-C1-C3-X 
    47     7     6    24    68  X-C1-C3-X 
    48     7     8     9    10  X-C1-C2-X 
    49     7     8     9    48  X-C1-C2-X 
    50     7     8     9    49  X-C1-C2-X 
    51     7     8    25    69  X-C1-C3-X 
    52     7     8    25    70  X-C1-C3-X 
    53     7     8    25    71  X-C1-C3-X 
    54     8     7     6    24  X-C1-C2-X 
    55     8     7     6    34  X-C1-C2-X 
    56     8     9    10    11  X-C1-C2-X 
    57     8     9    10    26  X-C1-C2-X 
    58     8     9    10    36  X-C1-C2-X 
    59     9     8     7    46  X-C1-C2-X 
    60     9     8     7    47  X-C1-C2-X 
    61     9     8    25    69  X-C1-C3-X 
    62     9     8    25    70  X-C1-C3-X 
    63     9     8    25    71  X-C1-C3-X 
    64     9    10    11    12  X-C1-C2-X 
    65     9    10    11    50  X-C1-C2-X 
    66     9    10    11    51  X-C1-C2-X 
    67     9    10    26    72  X-C1-C3-X 
    68     9    10    26    73  X-C1-C3-X 
    69     9    10    26    74  X-C1-C3-X 
    70    10     9     8    25  X-C1-C2-X 
    71    10     9     8    35  X-C1-C2-X 
    72    10    11    12    13  X-C1-C2-X 
    73    10    11    12    27  X-C1-C2-X 
    74    10    11    12    37  X-C1-C2-X 
    75    11    10     9    48  X-C1-C2-X 
    76    11    10     9    49  X-C1-C2-X 
    77    11    10    26    72  X-C1-C3-X 
    78    11    10    26    73  X-C1-C3-X 
    79    11    10    26    74  X-C1-C3-X 
    80    11    12    13    14  X-C1-C2-X 
    81    11    12    13    52  X-C1-C2-X 
    82    11    12    13    53  X-C1-C2-X 
    83    11    12    27    75  X-C1-C3-X 
    84    11    12    27    76  X-C1-C3-X 
    85    11    12    27    77  X-C1-C3-X 
    86    12    11    10    26  X-C1-C2-X 
    87    12    11    10    36  X-C1-C2-X 
    88    12    13    14    15  X-C1-C2-X 
    89    12    13    14    28  X-C1-C2-X 
    90    12    13    14    38  X-C1-C2-X 
    91    13    12    11    50  X-C1-C2-X 
    92    13    12    11    51  X-C1-C2-X 
    93    13    12    27    75  X-C1-C3-X 
    94    13    12    27    76  X-C1-C3-X 
    95    13    12    27    77  X-C1-C3-X 
    96    13    14    15    16  X-C1-C2-X 
    97    13    14    15    54  X-C1-C2-X 
    98    13    14    15    55  X-C1-C2-X 
    99    13    14    28    78  X-C1-C3-X 
   100    13    14    28    79  X-C1-C3-X 
   101    13    14    28    80  X-C1-C3-X 
   102    14    13    12    27  X-C1-C2-X 
   103    14    13    12    37  X-C1-C2-X 
   104    14    15    16    17  X-C1-C2-X 
   105    14    15    16    29  X-C1-C2-X 
   106    14    15    16    39  X-C1-C2-X 
   107    15    14    13    52  X-C1-C2-X 
   108    15    14    13    53  X-C1-C2-X 
   109    15    14    28    78  X-C1-C3-X 
   110    15    14    28    79  X-C1-C3-X 
   111    15    14    28    80  X-C1-C3-X 
   112    15    16    17    18  X-C1-C2-X 
   113    15    16    17    56  X-C1-C2-X 
   114    15    16    17    57  X-C1-C2-X 
   115    15    16    29    81  X-C1-C3-X 
   116    15    16    29    82  X-C1-C3-X 
   117    15    16    29    83  X-C1-C3-X 
   118    16    15    14    28  X-C1-C2-X 
   119    16    15    14    38  X-C1-C2-X 
   120    16    17    18    19  X-C1-C2-X 
   121    16    17    18    30  X-C1-C2-X 
   122    16    17    18    40  X-C1-C2-X 
   123    17    16    15    54  X-C1-C2-X 
   124    17    16    15    55  X-C1-C2-X 
   125    17    16    29    81  X-C1-C3-X 
   126    17    16    29    82  X-C1-C3-X 
   127    17    16    29    83  X-C1-C3-X 
   128    17    18    19    20  X-C1-C2-X 
   129    17    18    19    58  X-C1-C2-X 
   130    17    18    19    59  X-C1-C2-X 
   131    17    18    30    84  X-C1-C3-X 
   132    17    18    30    85  X-C1-C3-X 
   133    17    18    30    86  X-C1-C3-X 
   134    18    17    16    29  X-C1-C2-X 
   135    18    17    16    39  X-C1-C2-X 
   136    18    19    20    21  X-C1-C2-X 
   137    18    19    20    31  X-C1-C2-X 
   138    18    19    20    41  X-C1-C2-X 
   139    19    18    17    56  X-C1-C2-X 
   140    19    18    17    57  X-C1-C2-X 
   141    19    18    30    84  X-C1-C3-X 
   142    19    18    30    85  X-C1-C3-X 
   143    19    18    30    86  X-C1-C3-X 
   144    19    20    21    93  X-C1-C3-X 
   145    19    20    21    94  X-C1-C3-X 
   146    19    20    21    95  X-C1-C3-X 
   147    19    20    31    87  X-C1-C3-X 
   148    19    20    31    88  X-C1-C3-X 
   149    19    20    31    89  X-C1-C3-X 
   150    20    19    18    30  X-C1-C2-X 
   151    20    19    18    40  X-C1-C2-X 
   152    21    20    19    58  X-C1-C2-X 
   153    21    20    19    59  X-C1-C2-X 
   154    21    20    31    87  X-C1-C3-X 
   155    21    20    31    88  X-C1-C3-X 
   156    21    20    31    89  X-C1-C3-X 
   157    22     2     1    90  X-C1-C3-X 
   158    22     2     1    91  X-C1-C3-X 
   159    22     2     1    92  X-C1-C3-X 
   160    22     2     3    42  X-C1-C2-X 
   161    22     2     3    43  X-C1-C2-X 
   162    23     4     3    42  X-C1-C2-X 
   163    23     4     3    43  X-C1-C2-X 
   164    23     4     5    44  X-C1-C2-X 
   165    23     4     5    45  X-C1-C2-X 
   166    24     6     5    44  X-C1-C2-X 
   167    24     6     5    45  X-C1-C2-X 
   168    24     6     7    46  X-C1-C2-X 
   169    24     6     7    47  X-C1-C2-X 
   170    25     8     7    46  X-C1-C2-X 
   171    25     8     7    47  X-C1-C2-X 
   172    25     8     9    48  X-C1-C2-X 
   173    25     8     9    49  X-C1-C2-X 
   174    26    10     9    48  X-C1-C2-X 
   175    26    10     9    49  X-C1-C2-X 
   176    26    10    11    50  X-C1-C2-X 
   177    26    10    11    51  X-C1-C2-X 
   178    27    12    11    50  X-C1-C2-X 
   179    27    12    11    51  X-C1-C2-X 
   180    27    12    13    52  X-C1-C2-X 
   181    27    12    13    53  X-C1-C2-X 
   182    28    14    13    52  X-C1-C2-X 
   183    28    14    13    53  X-C1-C2-X 
   184    28    14    15    54  X-C1-C2-X 
   185    28    14    15    55  X-C1-C2-X 
   186    29    16    15    54  X-C1-C2-X 
   187    29    16    15    55  X-C1-C2-X 
   188    29    16    17    56  X-C1-C2-X 
   189    29    16    17    57  X-C1-C2-X 
   190    30    18    17    56  X-C1-C2-X 
   191    30    18    17    57  X-C1-C2-X 
   192    30    18    19    58  X-C1-C2-X 
   193    30    18    19    59  X-C1-C2-X 
   194    31    20    19    58  X-C1-C2-X 
   195    31    20    19    59  X-C1-C2-X 
   196    31    20    21    93  X-C1-C3-X 
   197    31    20    21    94  X-C1-C3-X 
   198    31    20    21    95  X-C1-C3-X 
   199    32     2     1    90  X-C1-C3-X 
   200    32     2     1    91  X-C1-C3-X 
   201    32     2     1    92  X-C1-C3-X 
   202    32     2     3    42  X-C1-C2-X 
   203    32     2     3    43  X-C1-C2-X 
   204    32     2    22    60  X-C1-C3-X 
   205    32     2    22    61  X-C1-C3-X 
   206    32     2    22    62  X-C1-C3-X 
   207    33     4     3    42  X-C1-C2-X 
   208    33     4     3    43  X-C1-C2-X 
   209    33     4     5    44  X-C1-C2-X 
   210    33     4     5    45  X-C1-C2-X 
   211    33     4    23    63  X-C1-C3-X 
   212    33     4    23    64  X-C1-C3-X 
   213    33     4    23    65  X-C1-C3-X 
   214    34     6     5    44  X-C1-C2-X 
   215    34     6     5    45  X-C1-C2-X 
   216    34     6     7    46  X-C1-C2-X 
   217    34     6     7    47  X-C1-C2-X 
   218    34     6    24    66  X-C1-C3-X 
   219    34     6    24    67  X-C1-C3-X 
   220    34     6    24    68  X-C1-C3-X 
   221    35     8     7    46  X-C1-C2-X 
   222    35     8     7    47  X-C1-C2-X 
   223    35     8     9    48  X-C1-C2-X 
   224    35     8     9    49  X-C1-C2-X 
   225    35     8    25    69  X-C1-C3-X 
   226    35     8    25    70  X-C1-C3-X 
   227    35     8    25    71  X-C1-C3-X 
   228    36    10     9    48  X-C1-C2-X 
   229    36    10     9    49  X-C1-C2-X 
   230    36    10    11    50  X-C1-C2-X 
   231    36    10    11    51  X-C1-C2-X 
   232    36    10    26    72  X-C1-C3-X 
   233    36    10    26    73  X-C1-C3-X 
   234    36    10    26    74  X-C1-C3-X 
   235    37    12    11    50  X-C1-C2-X 
   236    37    12    11    51  X-C1-C2-X 
   237    37    12    13    52  X-C1-C2-X 
   238    37    12    13    53  X-C1-C2-X 
   239    37    12    27    75  X-C1-C3-X 
   240    37    12    27    76  X-C1-C3-X 
   241    37    12    27    77  X-C1-C3-X 
   242    38    14    13    52  X-C1-C2-X 
   243    38    14    13    53  X-C1-C2-X 
   244    38    14    15    54  X-C1-C2-X 
   245    38    14    15    55  X-C1-C2-X 
   246    38    14    28    78  X-C1-C3-X 
   247    38    14    28    79  X-C1-C3-X 
   248    38    14    28    80  X-C1-C3-X 
   249    39    16    15    54  X-C1-C2-X 
   250    39    16    15    55  X-C1-C2-X 
   251    39    16    17    56  X-C1-C2-X 
   252    39    16    17    57  X-C1-C2-X 
   253    39    16    29    81  X-C1-C3-X 
   254    39    16    29    82  X-C1-C3-X 
   255    39    16    29    83  X-C1-C3-X 
   256    40    18    17    56  X-C1-C2-X 
   257    40    18    17    57  X-C1-C2-X 
   258    40    18    19    58  X-C1-C2-X 
   259    40    18    19    59  X-C1-C2-X 
   260    40    18    30    84  X-C1-C3-X 
   261    40    18    30    85  X-C1-C3-X 
   262    40    18    30    86  X-C1-C3-X 
   263    41    20    19    58  X-C1-C2-X 
   264    41    20    19    59  X-C1-C2-X 
   265    41    20    21    93  X-C1-C3-X 
   266    41    20    21    94  X-C1-C3-X 
   267    41    20    21    95  X-C1-C3-X 
   268    41    20    31    87  X-C1-C3-X 
   269    41    20    31    88  X-C1-C3-X 
   270    41    20    31    89  X-C1-C3-X 

<END>
