   1 C3  1.8629e-09  7.8660e-10 -1.3625e-09
   2 C1  1.8143e-09  7.1600e-10 -1.2402e-09
   3 CB  1.8652e-09  7.8740e-10 -1.1193e-09
   4 C2  1.6649e-09  7.1600e-10 -1.2402e-09
   5 CC  1.8312e-09  9.2100e-10 -1.0977e-09
   6 CC  1.9468e-09  7.2060e-10 -1.0280e-09
   7 CC  1.9943e-09  7.8730e-10 -9.1500e-10
   8 CC  1.8788e-09  9.8770e-10 -9.8480e-10
   9 CC  1.9603e-09  9.2080e-10 -8.9340e-10
  10 C1  1.6162e-09  6.4540e-10 -1.1179e-09
  11 CB  1.6672e-09  7.1680e-10 -9.9700e-10
  12 C2  1.4669e-09  6.4540e-10 -1.1179e-09
  13 CC  1.6332e-09  8.5040e-10 -9.7540e-10
  14 CC  1.7488e-09  6.5000e-10 -9.0570e-10
  15 CC  1.7963e-09  7.1670e-10 -7.9270e-10
  16 CC  1.6808e-09  9.1710e-10 -8.6250e-10
  17 CC  1.7622e-09  8.5020e-10 -7.7110e-10
  18 C1  1.4182e-09  5.7470e-10 -9.9550e-10
  19 CB  1.4692e-09  6.4620e-10 -8.7470e-10
  20 C2  1.2689e-09  5.7470e-10 -9.9550e-10
  21 CC  1.4352e-09  7.7980e-10 -8.5310e-10
  22 CC  1.5507e-09  5.7930e-10 -7.8330e-10
  23 CC  1.5983e-09  6.4600e-10 -6.7040e-10
  24 CC  1.4828e-09  8.4650e-10 -7.4020e-10
  25 CC  1.5642e-09  7.7960e-10 -6.4880e-10
  26 C1  1.2202e-09  5.0410e-10 -8.7320e-10
  27 CB  1.2712e-09  5.7560e-10 -7.5230e-10
  28 C2  1.0708e-09  5.0410e-10 -8.7320e-10
  29 CC  1.2372e-09  7.0910e-10 -7.3080e-10
  30 CC  1.3527e-09  5.0870e-10 -6.6100e-10
  31 CC  1.4003e-09  5.7540e-10 -5.4810e-10
  32 CC  1.2848e-09  7.7590e-10 -6.1790e-10
  33 CC  1.3662e-09  7.0900e-10 -5.2650e-10
  34 C1  1.0222e-09  4.3350e-10 -7.5090e-10
  35 CB  1.0731e-09  2.9310e-10 -7.5230e-10
  36 C2  8.7280e-10  4.3350e-10 -7.5090e-10
  37 CC  1.0392e-09  2.0760e-10 -8.5720e-10
  38 CC  1.1547e-09  2.4740e-10 -6.4880e-10
  39 CC  1.2023e-09  1.1630e-10 -6.5010e-10
  40 CC  1.0867e-09  7.6500e-11 -8.5850e-10
  41 CC  1.1684e-09  3.0900e-11 -7.5500e-10
  42 C1  8.2420e-10  3.6290e-10 -6.2860e-10
  43 CB  8.7510e-10  2.2250e-10 -6.3000e-10
  44 C2  6.7480e-10  3.6290e-10 -6.2860e-10
  45 CC  8.4110e-10  1.3700e-10 -7.3490e-10
  46 CC  9.5670e-10  1.7680e-10 -5.2640e-10
  47 CC  1.0043e-09  4.5700e-11 -5.2780e-10
  48 CC  8.8870e-10  5.8000e-12 -7.3620e-10
  49 CC  9.7040e-10 -3.9800e-11 -6.3270e-10
  50 C1  6.2620e-10  2.9230e-10 -5.0630e-10
  51 CB  6.7710e-10  3.6370e-10 -3.8540e-10
  52 C2  4.7680e-10  2.9230e-10 -5.0630e-10
  53 CC  6.4310e-10  4.9730e-10 -3.6380e-10
  54 CC  7.5870e-10  2.9690e-10 -2.9400e-10
  55 CC  8.0620e-10  3.6360e-10 -1.8110e-10
  56 CC  6.9070e-10  5.6400e-10 -2.5090e-10
  57 CC  7.7220e-10  4.9710e-10 -1.5950e-10
  58 C1  4.2820e-10  2.2170e-10 -3.8390e-10
  59 CB  4.7910e-10  8.1200e-11 -3.8540e-10
  60 C2  2.7880e-10  2.2160e-10 -3.8390e-10
  61 CC  4.4510e-10 -4.2000e-12 -4.9020e-10
  62 CC  5.6070e-10  3.5600e-11 -2.8180e-10
  63 CC  6.0830e-10 -9.5500e-11 -2.8310e-10
  64 CC  4.9270e-10 -1.3540e-10 -4.9150e-10
  65 CC  5.7440e-10 -1.8100e-10 -3.8810e-10
  66 C1  2.3020e-10  1.5100e-10 -2.6160e-10
  67 CB  2.8110e-10  2.2250e-10 -1.4070e-10
  68 C2  8.0800e-11  1.5100e-10 -2.6160e-10
  69 CC  2.4710e-10  3.5600e-10 -1.1910e-10
  70 CC  3.6270e-10  1.5560e-10 -4.9400e-11
  71 CC  4.1020e-10  2.2230e-10  6.3500e-11
  72 CC  2.9470e-10  4.2280e-10 -6.3000e-12
  73 CC  3.7610e-10  3.5590e-10  8.5100e-11
  74 C1  3.2100e-11  8.0400e-11 -1.3930e-10
  75 CB  8.3100e-11 -6.0000e-11 -1.4070e-10
  76 C2 -1.1720e-10  8.0400e-11 -1.3930e-10
  77 CC  4.9100e-11 -1.4550e-10 -2.4560e-10
  78 CC  1.6470e-10 -1.0570e-10 -3.7200e-11
  79 CC  2.1230e-10 -2.3680e-10 -3.8500e-11
  80 CC  9.6600e-11 -2.7660e-10 -2.4690e-10
  81 CC  1.7830e-10 -3.2220e-10 -1.4340e-10
  82 C1 -1.6590e-10  9.8000e-12 -1.7000e-11
  83 CB -1.1490e-10 -1.3060e-10 -1.8400e-11
  84 C2 -3.1520e-10  9.8000e-12 -1.7000e-11
  85 CC -1.4890e-10 -2.1610e-10 -1.2330e-10
  86 CC -3.3400e-11 -1.7630e-10  8.5200e-11
  87 CC  1.4300e-11 -3.0740e-10  8.3800e-11
  88 CC -1.0140e-10 -3.4730e-10 -1.2460e-10
  89 CC -1.9700e-11 -3.9290e-10 -2.1100e-11
  90 C1 -3.6390e-10 -6.0800e-11  1.0540e-10
  91 CB -3.1290e-10  1.0600e-11  2.2620e-10
  92 C2 -5.1330e-10 -6.0800e-11  1.0540e-10
  93 CC -3.4690e-10  1.4420e-10  2.4780e-10
  94 CC -2.3140e-10 -5.6200e-11  3.1760e-10
  95 CC -1.8380e-10  1.0500e-11  4.3050e-10
  96 CC -2.9930e-10  2.1090e-10  3.6070e-10
  97 CC -2.1790e-10  1.4400e-10  4.5210e-10
  98 C1 -5.6190e-10 -1.3140e-10  2.2770e-10
  99 CB -5.1100e-10 -6.0000e-11  3.4860e-10
 100 C2 -7.1130e-10 -1.3150e-10  2.2770e-10
 101 CC -5.4490e-10  7.3600e-11  3.7010e-10
 102 CC -4.2940e-10 -1.2680e-10  4.3990e-10
 103 CC -3.8190e-10 -6.0100e-11  5.5280e-10
 104 CC -4.9730e-10  1.4030e-10  4.8300e-10
 105 CC -4.1590e-10  7.3400e-11  5.7440e-10
 106 C1 -7.5990e-10 -2.0210e-10  3.5000e-10
 107 CB -7.0900e-10 -3.4250e-10  3.4860e-10
 108 C2 -9.0930e-10 -2.0210e-10  3.5000e-10
 109 CC -7.4290e-10 -4.2800e-10  2.4370e-10
 110 CC -6.2740e-10 -3.8810e-10  4.5210e-10
 111 CC -5.7980e-10 -5.1930e-10  4.5080e-10
 112 CC -6.9540e-10 -5.5910e-10  2.4240e-10
 113 CC -6.1370e-10 -6.0470e-10  3.4590e-10
 114 C1 -9.5790e-10 -2.7270e-10  4.7230e-10
 115 CB -9.0700e-10 -4.1310e-10  4.7090e-10
 116 C2 -1.1073e-09 -2.7270e-10  4.7230e-10
 117 CC -9.4100e-10 -4.9860e-10  3.6600e-10
 118 CC -8.2540e-10 -4.5880e-10  5.7450e-10
 119 CC -7.7780e-10 -5.8990e-10  5.7310e-10
 120 CC -8.9340e-10 -6.2970e-10  3.6470e-10
 121 CC -8.1170e-10 -6.7530e-10  4.6820e-10
 122 C1 -1.1559e-09 -3.4330e-10  5.9460e-10
 123 CB -1.1050e-09 -4.8370e-10  5.9320e-10
 124 C2 -1.3053e-09 -3.4330e-10  5.9460e-10
 125 CC -1.1390e-09 -5.6920e-10  4.8830e-10
 126 CC -1.0234e-09 -5.2940e-10  6.9680e-10
 127 CC -9.7580e-10 -6.6050e-10  6.9540e-10
 128 CC -1.0914e-09 -7.0040e-10  4.8710e-10
 129 CC -1.0097e-09 -7.4600e-10  5.9050e-10
 130 C1 -1.3539e-09 -4.1390e-10  7.1700e-10
 131 CB -1.3030e-09 -5.5430e-10  7.1550e-10
 132 C2 -1.5033e-09 -4.1390e-10  7.1700e-10
 133 CC -1.3370e-09 -6.3980e-10  6.1070e-10
 134 CC -1.2214e-09 -6.0000e-10  8.1910e-10
 135 CC -1.1738e-09 -7.3110e-10  8.1780e-10
 136 CC -1.2894e-09 -7.7100e-10  6.0940e-10
 137 CC -1.2077e-09 -8.1660e-10  7.1280e-10
 138 C1 -1.5520e-09 -4.8450e-10  8.3930e-10
 139 CB -1.5010e-09 -4.1310e-10  9.6020e-10
 140 C2 -1.7013e-09 -4.8450e-10  8.3930e-10
 141 CC -1.5350e-09 -2.7950e-10  9.8180e-10
 142 CC -1.4194e-09 -4.7990e-10  1.0515e-09
 143 CC -1.3719e-09 -4.1320e-10  1.1644e-09
 144 CC -1.4874e-09 -2.1280e-10  1.0946e-09
 145 CC -1.4060e-09 -2.7970e-10  1.1860e-09
 146 C1 -1.7500e-09 -5.5520e-10  9.6160e-10
 147 CB -1.6990e-09 -4.8370e-10  1.0825e-09
 148 C2 -1.8993e-09 -5.5520e-10  9.6160e-10
 149 CC -1.7330e-09 -3.5010e-10  1.1041e-09
 150 CC -1.6175e-09 -5.5060e-10  1.1738e-09
 151 CC -1.5699e-09 -4.8390e-10  1.2868e-09
 152 CC -1.6854e-09 -2.8340e-10  1.2169e-09
 153 CC -1.6040e-09 -3.5030e-10  1.3084e-09
 154 C1 -1.9480e-09 -6.2580e-10  1.0839e-09
 155 CB -1.8970e-09 -7.6620e-10  1.0825e-09
 156 C3 -2.0974e-09 -6.2580e-10  1.0839e-09
 157 CC -1.9310e-09 -8.5170e-10  9.7760e-10
 158 CC -1.8155e-09 -8.1190e-10  1.1861e-09
 159 CC -1.7678e-09 -9.4300e-10  1.1847e-09
 160 CC -1.8835e-09 -9.8280e-10  9.7630e-10
 161 CC -1.8018e-09 -1.0284e-09  1.0798e-09
END
