<BOND>
   1   1   2 C1-C2
   2   2   3 C1-CB
   3   2   4 C1-C2
   4   3   5 CB-CC
   5   5   8 CC-CC
   6   8   9 CC-CC
   7   7   9 CC-CC
   8   6   7 CC-CC
   9   3   6 CB-CC
  10   4  10 C1-C2
  11  10  11 C1-CB
  12  10  12 C1-C2
  13  11  13 CB-CC
  14  13  16 CC-CC
  15  16  17 CC-CC
  16  15  17 CC-CC
  17  14  15 CC-CC
  18  11  14 CB-CC
  19  12  18 C1-C2
  20  18  19 C1-CB
  21  18  20 C1-C2
  22  19  21 CB-CC
  23  21  24 CC-CC
  24  24  25 CC-CC
  25  23  25 CC-CC
  26  22  23 CC-CC
  27  19  22 CB-CC
  28  20  26 C1-C2
  29  26  27 C1-CB
  30  26  28 C1-C2
  31  27  29 CB-CC
  32  29  32 CC-CC
  33  32  33 CC-CC
  34  31  33 CC-CC
  35  30  31 CC-CC
  36  27  30 CB-CC
  37  28  34 C1-C2
  38  34  35 C1-CB
  39  34  36 C1-C2
  40  35  37 CB-CC
  41  37  40 CC-CC
  42  40  41 CC-CC
  43  39  41 CC-CC
  44  38  39 CC-CC
  45  35  38 CB-CC
  46  36  42 C1-C2
  47  42  43 C1-CB
  48  42  44 C1-C2
  49  43  45 CB-CC
  50  45  48 CC-CC
  51  48  49 CC-CC
  52  47  49 CC-CC
  53  46  47 CC-CC
  54  43  46 CB-CC
  55  44  50 C1-C2
  56  50  51 C1-CB
  57  50  52 C1-C2
  58  51  53 CB-CC
  59  53  56 CC-CC
  60  56  57 CC-CC
  61  55  57 CC-CC
  62  54  55 CC-CC
  63  51  54 CB-CC
  64  52  58 C1-C2
  65  58  59 C1-CB
  66  58  60 C1-C2
  67  59  61 CB-CC
  68  61  64 CC-CC
  69  64  65 CC-CC
  70  63  65 CC-CC
  71  62  63 CC-CC
  72  59  62 CB-CC
  73  60  66 C1-C2
  74  66  67 C1-CB
  75  66  68 C1-C2
  76  67  69 CB-CC
  77  69  72 CC-CC
  78  72  73 CC-CC
  79  71  73 CC-CC
  80  70  71 CC-CC
  81  67  70 CB-CC
  82  68  74 C1-C2
  83  74  75 C1-CB
  84  74  76 C1-C2
  85  75  77 CB-CC
  86  77  80 CC-CC
  87  80  81 CC-CC
  88  79  81 CC-CC
  89  78  79 CC-CC
  90  75  78 CB-CC
  91  76  82 C1-C2
  92  82  83 C1-CB
  93  82  84 C1-C2
  94  83  85 CB-CC
  95  85  88 CC-CC
  96  88  89 CC-CC
  97  87  89 CC-CC
  98  86  87 CC-CC
  99  83  86 CB-CC
 100  84  90 C1-C2
 101  90  91 C1-CB
 102  90  92 C1-C2
 103  91  93 CB-CC
 104  93  96 CC-CC
 105  96  97 CC-CC
 106  95  97 CC-CC
 107  94  95 CC-CC
 108  91  94 CB-CC
 109  92  98 C1-C2
 110  98  99 C1-CB
 111  98 100 C1-C2
 112  99 101 CB-CC
 113 101 104 CC-CC
 114 104 105 CC-CC
 115 103 105 CC-CC
 116 102 103 CC-CC
 117  99 102 CB-CC
 118 100 106 C1-C2
 119 106 107 C1-CB
 120 106 108 C1-C2
 121 107 109 CB-CC
 122 109 112 CC-CC
 123 112 113 CC-CC
 124 111 113 CC-CC
 125 110 111 CC-CC
 126 107 110 CB-CC
 127 108 114 C1-C2
 128 114 115 C1-CB
 129 114 116 C1-C2
 130 115 117 CB-CC
 131 117 120 CC-CC
 132 120 121 CC-CC
 133 119 121 CC-CC
 134 118 119 CC-CC
 135 115 118 CB-CC
 136 116 122 C1-C2
 137 122 123 C1-CB
 138 122 124 C1-C2
 139 123 125 CB-CC
 140 125 128 CC-CC
 141 128 129 CC-CC
 142 127 129 CC-CC
 143 126 127 CC-CC
 144 123 126 CB-CC
 145 124 130 C1-C2
 146 130 131 C1-CB
 147 130 132 C1-C2
 148 131 133 CB-CC
 149 133 136 CC-CC
 150 136 137 CC-CC
 151 135 137 CC-CC
 152 134 135 CC-CC
 153 131 134 CB-CC
 154 132 138 C1-C2
 155 138 139 C1-CB
 156 138 140 C1-C2
 157 139 141 CB-CC
 158 141 144 CC-CC
 159 144 145 CC-CC
 160 143 145 CC-CC
 161 142 143 CC-CC
 162 139 142 CB-CC
 163 140 146 C1-C2
 164 146 147 C1-CB
 165 146 148 C1-C2
 166 147 149 CB-CC
 167 149 152 CC-CC
 168 152 153 CC-CC
 169 151 153 CC-CC
 170 150 151 CC-CC
 171 147 150 CB-CC
 172 148 154 C1-C2
 173 154 155 C1-CB
 174 154 156 C1-C2
 175 155 157 CB-CC
 176 157 160 CC-CC
 177 160 161 CC-CC
 178 159 161 CC-CC
 179 158 159 CC-CC
 180 155 158 CB-CC
 181 156 162 C1-C2
 182 162 163 C1-CB
 183 162 164 C1-C2
 184 163 165 CB-CC
 185 165 168 CC-CC
 186 168 169 CC-CC
 187 167 169 CC-CC
 188 166 167 CC-CC
 189 163 166 CB-CC
 190 164 170 C1-C2
 191 170 171 C1-CB
 192 170 172 C1-C2
 193 171 173 CB-CC
 194 173 176 CC-CC
 195 176 177 CC-CC
 196 175 177 CC-CC
 197 174 175 CC-CC
 198 171 174 CB-CC
 199 172 178 C1-C2
 200 178 179 C1-CB
 201 178 180 C1-C2
 202 179 181 CB-CC
 203 181 184 CC-CC
 204 184 185 CC-CC
 205 183 185 CC-CC
 206 182 183 CC-CC
 207 179 182 CB-CC
 208 180 186 C1-C2
 209 186 187 C1-CB
 210 186 188 C1-C2
 211 187 189 CB-CC
 212 189 192 CC-CC
 213 192 193 CC-CC
 214 191 193 CC-CC
 215 190 191 CC-CC
 216 187 190 CB-CC
 217 188 194 C1-C2
 218 194 195 C1-CB
 219 194 196 C1-C2
 220 195 197 CB-CC
 221 197 200 CC-CC
 222 200 201 CC-CC
 223 199 201 CC-CC
 224 198 199 CC-CC
 225 195 198 CB-CC
 226 196 202 C1-C2
 227 202 203 C1-CB
 228 202 204 C1-C2
 229 203 205 CB-CC
 230 205 208 CC-CC
 231 208 209 CC-CC
 232 207 209 CC-CC
 233 206 207 CC-CC
 234 203 206 CB-CC
 235 204 210 C1-C2
 236 210 211 C1-CB
 237 210 212 C1-C2
 238 211 213 CB-CC
 239 213 216 CC-CC
 240 216 217 CC-CC
 241 215 217 CC-CC
 242 214 215 CC-CC
 243 211 214 CB-CC
 244 212 218 C1-C2
 245 218 219 C1-CB
 246 218 220 C1-C2
 247 219 221 CB-CC
 248 221 224 CC-CC
 249 224 225 CC-CC
 250 223 225 CC-CC
 251 222 223 CC-CC
 252 219 222 CB-CC
 253 220 226 C1-C2
 254 226 227 C1-CB
 255 226 228 C1-C2
 256 227 229 CB-CC
 257 229 232 CC-CC
 258 232 233 CC-CC
 259 231 233 CC-CC
 260 230 231 CC-CC
 261 227 230 CB-CC
 262 228 234 C1-C2
 263 234 235 C1-CB
 264 234 236 C1-C2
 265 235 237 CB-CC
 266 237 240 CC-CC
 267 240 241 CC-CC
 268 239 241 CC-CC
 269 238 239 CC-CC
 270 235 238 CB-CC
 271 236 242 C1-C2
 272 242 243 C1-CB
 273 242 244 C1-C2
 274 243 245 CB-CC
 275 245 248 CC-CC
 276 248 249 CC-CC
 277 247 249 CC-CC
 278 246 247 CC-CC
 279 243 246 CB-CC
 280 244 250 C1-C2
 281 250 251 C1-CB
 282 250 252 C1-C2
 283 251 253 CB-CC
 284 253 256 CC-CC
 285 256 257 CC-CC
 286 255 257 CC-CC
 287 254 255 CC-CC
 288 251 254 CB-CC
 289 252 258 C1-C2
 290 258 259 C1-CB
 291 258 260 C1-C2
 292 259 261 CB-CC
 293 261 264 CC-CC
 294 264 265 CC-CC
 295 263 265 CC-CC
 296 262 263 CC-CC
 297 259 262 CB-CC
 298 260 266 C1-C2
 299 266 267 C1-CB
 300 266 268 C1-C2
 301 267 269 CB-CC
 302 269 272 CC-CC
 303 272 273 CC-CC
 304 271 273 CC-CC
 305 270 271 CC-CC
 306 267 270 CB-CC
 307 268 274 C1-C2
 308 274 275 C1-CB
 309 274 276 C1-C2
 310 275 277 CB-CC
 311 277 280 CC-CC
 312 280 281 CC-CC
 313 279 281 CC-CC
 314 278 279 CC-CC
 315 275 278 CB-CC
 316 276 282 C1-C2
 317 282 283 C1-CB
 318 282 284 C1-C2
 319 283 285 CB-CC
 320 285 288 CC-CC
 321 288 289 CC-CC
 322 287 289 CC-CC
 323 286 287 CC-CC
 324 283 286 CB-CC
 325 284 290 C1-C2
 326 290 291 C1-CB
 327 290 292 C1-C2
 328 291 293 CB-CC
 329 293 296 CC-CC
 330 296 297 CC-CC
 331 295 297 CC-CC
 332 294 295 CC-CC
 333 291 294 CB-CC
 334 292 298 C1-C2
 335 298 299 C1-CB
 336 298 300 C1-C2
 337 299 301 CB-CC
 338 301 304 CC-CC
 339 304 305 CC-CC
 340 303 305 CC-CC
 341 302 303 CC-CC
 342 299 302 CB-CC
 343 300 306 C1-C2
 344 306 307 C1-CB
 345 306 308 C1-C2
 346 307 309 CB-CC
 347 309 312 CC-CC
 348 312 313 CC-CC
 349 311 313 CC-CC
 350 310 311 CC-CC
 351 307 310 CB-CC
 352 308 314 C1-C2
 353 314 315 C1-CB
 354 314 316 C1-C2
 355 315 317 CB-CC
 356 317 320 CC-CC
 357 320 321 CC-CC
 358 319 321 CC-CC
 359 318 319 CC-CC
 360 315 318 CB-CC
 361 316 322 C1-C2
 362 322 323 C1-CB
 363 322 324 C1-C2
 364 323 325 CB-CC
 365 325 328 CC-CC
 366 328 329 CC-CC
 367 327 329 CC-CC
 368 326 327 CC-CC
 369 323 326 CB-CC
 370 324 330 C1-C2
 371 330 331 C1-CB
 372 330 332 C1-C2
 373 331 333 CB-CC
 374 333 336 CC-CC
 375 336 337 CC-CC
 376 335 337 CC-CC
 377 334 335 CC-CC
 378 331 334 CB-CC
 379 332 338 C1-C2
 380 338 339 C1-CB
 381 338 340 C1-C2
 382 339 341 CB-CC
 383 341 344 CC-CC
 384 344 345 CC-CC
 385 343 345 CC-CC
 386 342 343 CC-CC
 387 339 342 CB-CC
 388 340 346 C1-C2
 389 346 347 C1-CB
 390 346 348 C1-C2
 391 347 349 CB-CC
 392 349 352 CC-CC
 393 352 353 CC-CC
 394 351 353 CC-CC
 395 350 351 CC-CC
 396 347 350 CB-CC
 397 348 354 C1-C2
 398 354 355 C1-CB
 399 354 356 C1-C2
 400 355 357 CB-CC
 401 357 360 CC-CC
 402 360 361 CC-CC
 403 359 361 CC-CC
 404 358 359 CC-CC
 405 355 358 CB-CC
 406 356 362 C1-C2
 407 362 363 C1-CB
 408 362 364 C1-C2
 409 363 365 CB-CC
 410 365 368 CC-CC
 411 368 369 CC-CC
 412 367 369 CC-CC
 413 366 367 CC-CC
 414 363 366 CB-CC
 415 364 370 C1-C2
 416 370 371 C1-CB
 417 370 372 C1-C2
 418 371 373 CB-CC
 419 373 376 CC-CC
 420 376 377 CC-CC
 421 375 377 CC-CC
 422 374 375 CC-CC
 423 371 374 CB-CC
 424 372 378 C1-C2
 425 378 379 C1-CB
 426 378 380 C1-C2
 427 379 381 CB-CC
 428 381 384 CC-CC
 429 384 385 CC-CC
 430 383 385 CC-CC
 431 382 383 CC-CC
 432 379 382 CB-CC
 433 380 386 C1-C2
 434 386 387 C1-CB
 435 386 388 C1-C2
 436 387 389 CB-CC
 437 389 392 CC-CC
 438 392 393 CC-CC
 439 391 393 CC-CC
 440 390 391 CC-CC
 441 387 390 CB-CC
 442 388 394 C1-C2
 443 394 395 C1-CB
 444 394 396 C1-C2
 445 395 397 CB-CC
 446 397 400 CC-CC
 447 400 401 CC-CC
 448 399 401 CC-CC
 449 398 399 CC-CC
 450 395 398 CB-CC

<ANGLE>
   1   1   2   3 CB-C1-C2
   2   1   2   4 C2-C1-C2
   3   3   2   4 CB-C1-C2
   4   2   3   5 C1-CB-CC
   5   2   3   6 C1-CB-CC
   6   5   3   6 CC-CB-CC
   7   3   5   8 CC-CC-CB
   8   5   8   9 CC-CC-CC
   9   7   9   8 CC-CC-CC
  10   6   7   9 CC-CC-CC
  11   3   6   7 CC-CC-CB
  12   2   4  10 C1-C2-C1
  13   4  10  11 CB-C1-C2
  14   4  10  12 C2-C1-C2
  15  11  10  12 CB-C1-C2
  16  10  11  13 C1-CB-CC
  17  10  11  14 C1-CB-CC
  18  13  11  14 CC-CB-CC
  19  11  13  16 CC-CC-CB
  20  13  16  17 CC-CC-CC
  21  15  17  16 CC-CC-CC
  22  14  15  17 CC-CC-CC
  23  11  14  15 CC-CC-CB
  24  10  12  18 C1-C2-C1
  25  12  18  19 CB-C1-C2
  26  12  18  20 C2-C1-C2
  27  19  18  20 CB-C1-C2
  28  18  19  21 C1-CB-CC
  29  18  19  22 C1-CB-CC
  30  21  19  22 CC-CB-CC
  31  19  21  24 CC-CC-CB
  32  21  24  25 CC-CC-CC
  33  23  25  24 CC-CC-CC
  34  22  23  25 CC-CC-CC
  35  19  22  23 CC-CC-CB
  36  18  20  26 C1-C2-C1
  37  20  26  27 CB-C1-C2
  38  20  26  28 C2-C1-C2
  39  27  26  28 CB-C1-C2
  40  26  27  29 C1-CB-CC
  41  26  27  30 C1-CB-CC
  42  29  27  30 CC-CB-CC
  43  27  29  32 CC-CC-CB
  44  29  32  33 CC-CC-CC
  45  31  33  32 CC-CC-CC
  46  30  31  33 CC-CC-CC
  47  27  30  31 CC-CC-CB
  48  26  28  34 C1-C2-C1
  49  28  34  35 CB-C1-C2
  50  28  34  36 C2-C1-C2
  51  35  34  36 CB-C1-C2
  52  34  35  37 C1-CB-CC
  53  34  35  38 C1-CB-CC
  54  37  35  38 CC-CB-CC
  55  35  37  40 CC-CC-CB
  56  37  40  41 CC-CC-CC
  57  39  41  40 CC-CC-CC
  58  38  39  41 CC-CC-CC
  59  35  38  39 CC-CC-CB
  60  34  36  42 C1-C2-C1
  61  36  42  43 CB-C1-C2
  62  36  42  44 C2-C1-C2
  63  43  42  44 CB-C1-C2
  64  42  43  45 C1-CB-CC
  65  42  43  46 C1-CB-CC
  66  45  43  46 CC-CB-CC
  67  43  45  48 CC-CC-CB
  68  45  48  49 CC-CC-CC
  69  47  49  48 CC-CC-CC
  70  46  47  49 CC-CC-CC
  71  43  46  47 CC-CC-CB
  72  42  44  50 C1-C2-C1
  73  44  50  51 CB-C1-C2
  74  44  50  52 C2-C1-C2
  75  51  50  52 CB-C1-C2
  76  50  51  53 C1-CB-CC
  77  50  51  54 C1-CB-CC
  78  53  51  54 CC-CB-CC
  79  51  53  56 CC-CC-CB
  80  53  56  57 CC-CC-CC
  81  55  57  56 CC-CC-CC
  82  54  55  57 CC-CC-CC
  83  51  54  55 CC-CC-CB
  84  50  52  58 C1-C2-C1
  85  52  58  59 CB-C1-C2
  86  52  58  60 C2-C1-C2
  87  59  58  60 CB-C1-C2
  88  58  59  61 C1-CB-CC
  89  58  59  62 C1-CB-CC
  90  61  59  62 CC-CB-CC
  91  59  61  64 CC-CC-CB
  92  61  64  65 CC-CC-CC
  93  63  65  64 CC-CC-CC
  94  62  63  65 CC-CC-CC
  95  59  62  63 CC-CC-CB
  96  58  60  66 C1-C2-C1
  97  60  66  67 CB-C1-C2
  98  60  66  68 C2-C1-C2
  99  67  66  68 CB-C1-C2
 100  66  67  69 C1-CB-CC
 101  66  67  70 C1-CB-CC
 102  69  67  70 CC-CB-CC
 103  67  69  72 CC-CC-CB
 104  69  72  73 CC-CC-CC
 105  71  73  72 CC-CC-CC
 106  70  71  73 CC-CC-CC
 107  67  70  71 CC-CC-CB
 108  66  68  74 C1-C2-C1
 109  68  74  75 CB-C1-C2
 110  68  74  76 C2-C1-C2
 111  75  74  76 CB-C1-C2
 112  74  75  77 C1-CB-CC
 113  74  75  78 C1-CB-CC
 114  77  75  78 CC-CB-CC
 115  75  77  80 CC-CC-CB
 116  77  80  81 CC-CC-CC
 117  79  81  80 CC-CC-CC
 118  78  79  81 CC-CC-CC
 119  75  78  79 CC-CC-CB
 120  74  76  82 C1-C2-C1
 121  76  82  83 CB-C1-C2
 122  76  82  84 C2-C1-C2
 123  83  82  84 CB-C1-C2
 124  82  83  85 C1-CB-CC
 125  82  83  86 C1-CB-CC
 126  85  83  86 CC-CB-CC
 127  83  85  88 CC-CC-CB
 128  85  88  89 CC-CC-CC
 129  87  89  88 CC-CC-CC
 130  86  87  89 CC-CC-CC
 131  83  86  87 CC-CC-CB
 132  82  84  90 C1-C2-C1
 133  84  90  91 CB-C1-C2
 134  84  90  92 C2-C1-C2
 135  91  90  92 CB-C1-C2
 136  90  91  93 C1-CB-CC
 137  90  91  94 C1-CB-CC
 138  93  91  94 CC-CB-CC
 139  91  93  96 CC-CC-CB
 140  93  96  97 CC-CC-CC
 141  95  97  96 CC-CC-CC
 142  94  95  97 CC-CC-CC
 143  91  94  95 CC-CC-CB
 144  90  92  98 C1-C2-C1
 145  92  98  99 CB-C1-C2
 146  92  98 100 C2-C1-C2
 147  99  98 100 CB-C1-C2
 148  98  99 101 C1-CB-CC
 149  98  99 102 C1-CB-CC
 150 101  99 102 CC-CB-CC
 151  99 101 104 CC-CC-CB
 152 101 104 105 CC-CC-CC
 153 103 105 104 CC-CC-CC
 154 102 103 105 CC-CC-CC
 155  99 102 103 CC-CC-CB
 156  98 100 106 C1-C2-C1
 157 100 106 107 CB-C1-C2
 158 100 106 108 C2-C1-C2
 159 107 106 108 CB-C1-C2
 160 106 107 109 C1-CB-CC
 161 106 107 110 C1-CB-CC
 162 109 107 110 CC-CB-CC
 163 107 109 112 CC-CC-CB
 164 109 112 113 CC-CC-CC
 165 111 113 112 CC-CC-CC
 166 110 111 113 CC-CC-CC
 167 107 110 111 CC-CC-CB
 168 106 108 114 C1-C2-C1
 169 108 114 115 CB-C1-C2
 170 108 114 116 C2-C1-C2
 171 115 114 116 CB-C1-C2
 172 114 115 117 C1-CB-CC
 173 114 115 118 C1-CB-CC
 174 117 115 118 CC-CB-CC
 175 115 117 120 CC-CC-CB
 176 117 120 121 CC-CC-CC
 177 119 121 120 CC-CC-CC
 178 118 119 121 CC-CC-CC
 179 115 118 119 CC-CC-CB
 180 114 116 122 C1-C2-C1
 181 116 122 123 CB-C1-C2
 182 116 122 124 C2-C1-C2
 183 123 122 124 CB-C1-C2
 184 122 123 125 C1-CB-CC
 185 122 123 126 C1-CB-CC
 186 125 123 126 CC-CB-CC
 187 123 125 128 CC-CC-CB
 188 125 128 129 CC-CC-CC
 189 127 129 128 CC-CC-CC
 190 126 127 129 CC-CC-CC
 191 123 126 127 CC-CC-CB
 192 122 124 130 C1-C2-C1
 193 124 130 131 CB-C1-C2
 194 124 130 132 C2-C1-C2
 195 131 130 132 CB-C1-C2
 196 130 131 133 C1-CB-CC
 197 130 131 134 C1-CB-CC
 198 133 131 134 CC-CB-CC
 199 131 133 136 CC-CC-CB
 200 133 136 137 CC-CC-CC
 201 135 137 136 CC-CC-CC
 202 134 135 137 CC-CC-CC
 203 131 134 135 CC-CC-CB
 204 130 132 138 C1-C2-C1
 205 132 138 139 CB-C1-C2
 206 132 138 140 C2-C1-C2
 207 139 138 140 CB-C1-C2
 208 138 139 141 C1-CB-CC
 209 138 139 142 C1-CB-CC
 210 141 139 142 CC-CB-CC
 211 139 141 144 CC-CC-CB
 212 141 144 145 CC-CC-CC
 213 143 145 144 CC-CC-CC
 214 142 143 145 CC-CC-CC
 215 139 142 143 CC-CC-CB
 216 138 140 146 C1-C2-C1
 217 140 146 147 CB-C1-C2
 218 140 146 148 C2-C1-C2
 219 147 146 148 CB-C1-C2
 220 146 147 149 C1-CB-CC
 221 146 147 150 C1-CB-CC
 222 149 147 150 CC-CB-CC
 223 147 149 152 CC-CC-CB
 224 149 152 153 CC-CC-CC
 225 151 153 152 CC-CC-CC
 226 150 151 153 CC-CC-CC
 227 147 150 151 CC-CC-CB
 228 146 148 154 C1-C2-C1
 229 148 154 155 CB-C1-C2
 230 148 154 156 C2-C1-C2
 231 155 154 156 CB-C1-C2
 232 154 155 157 C1-CB-CC
 233 154 155 158 C1-CB-CC
 234 157 155 158 CC-CB-CC
 235 155 157 160 CC-CC-CB
 236 157 160 161 CC-CC-CC
 237 159 161 160 CC-CC-CC
 238 158 159 161 CC-CC-CC
 239 155 158 159 CC-CC-CB
 240 154 156 162 C1-C2-C1
 241 156 162 163 CB-C1-C2
 242 156 162 164 C2-C1-C2
 243 163 162 164 CB-C1-C2
 244 162 163 165 C1-CB-CC
 245 162 163 166 C1-CB-CC
 246 165 163 166 CC-CB-CC
 247 163 165 168 CC-CC-CB
 248 165 168 169 CC-CC-CC
 249 167 169 168 CC-CC-CC
 250 166 167 169 CC-CC-CC
 251 163 166 167 CC-CC-CB
 252 162 164 170 C1-C2-C1
 253 164 170 171 CB-C1-C2
 254 164 170 172 C2-C1-C2
 255 171 170 172 CB-C1-C2
 256 170 171 173 C1-CB-CC
 257 170 171 174 C1-CB-CC
 258 173 171 174 CC-CB-CC
 259 171 173 176 CC-CC-CB
 260 173 176 177 CC-CC-CC
 261 175 177 176 CC-CC-CC
 262 174 175 177 CC-CC-CC
 263 171 174 175 CC-CC-CB
 264 170 172 178 C1-C2-C1
 265 172 178 179 CB-C1-C2
 266 172 178 180 C2-C1-C2
 267 179 178 180 CB-C1-C2
 268 178 179 181 C1-CB-CC
 269 178 179 182 C1-CB-CC
 270 181 179 182 CC-CB-CC
 271 179 181 184 CC-CC-CB
 272 181 184 185 CC-CC-CC
 273 183 185 184 CC-CC-CC
 274 182 183 185 CC-CC-CC
 275 179 182 183 CC-CC-CB
 276 178 180 186 C1-C2-C1
 277 180 186 187 CB-C1-C2
 278 180 186 188 C2-C1-C2
 279 187 186 188 CB-C1-C2
 280 186 187 189 C1-CB-CC
 281 186 187 190 C1-CB-CC
 282 189 187 190 CC-CB-CC
 283 187 189 192 CC-CC-CB
 284 189 192 193 CC-CC-CC
 285 191 193 192 CC-CC-CC
 286 190 191 193 CC-CC-CC
 287 187 190 191 CC-CC-CB
 288 186 188 194 C1-C2-C1
 289 188 194 195 CB-C1-C2
 290 188 194 196 C2-C1-C2
 291 195 194 196 CB-C1-C2
 292 194 195 197 C1-CB-CC
 293 194 195 198 C1-CB-CC
 294 197 195 198 CC-CB-CC
 295 195 197 200 CC-CC-CB
 296 197 200 201 CC-CC-CC
 297 199 201 200 CC-CC-CC
 298 198 199 201 CC-CC-CC
 299 195 198 199 CC-CC-CB
 300 194 196 202 C1-C2-C1
 301 196 202 203 CB-C1-C2
 302 196 202 204 C2-C1-C2
 303 203 202 204 CB-C1-C2
 304 202 203 205 C1-CB-CC
 305 202 203 206 C1-CB-CC
 306 205 203 206 CC-CB-CC
 307 203 205 208 CC-CC-CB
 308 205 208 209 CC-CC-CC
 309 207 209 208 CC-CC-CC
 310 206 207 209 CC-CC-CC
 311 203 206 207 CC-CC-CB
 312 202 204 210 C1-C2-C1
 313 204 210 211 CB-C1-C2
 314 204 210 212 C2-C1-C2
 315 211 210 212 CB-C1-C2
 316 210 211 213 C1-CB-CC
 317 210 211 214 C1-CB-CC
 318 213 211 214 CC-CB-CC
 319 211 213 216 CC-CC-CB
 320 213 216 217 CC-CC-CC
 321 215 217 216 CC-CC-CC
 322 214 215 217 CC-CC-CC
 323 211 214 215 CC-CC-CB
 324 210 212 218 C1-C2-C1
 325 212 218 219 CB-C1-C2
 326 212 218 220 C2-C1-C2
 327 219 218 220 CB-C1-C2
 328 218 219 221 C1-CB-CC
 329 218 219 222 C1-CB-CC
 330 221 219 222 CC-CB-CC
 331 219 221 224 CC-CC-CB
 332 221 224 225 CC-CC-CC
 333 223 225 224 CC-CC-CC
 334 222 223 225 CC-CC-CC
 335 219 222 223 CC-CC-CB
 336 218 220 226 C1-C2-C1
 337 220 226 227 CB-C1-C2
 338 220 226 228 C2-C1-C2
 339 227 226 228 CB-C1-C2
 340 226 227 229 C1-CB-CC
 341 226 227 230 C1-CB-CC
 342 229 227 230 CC-CB-CC
 343 227 229 232 CC-CC-CB
 344 229 232 233 CC-CC-CC
 345 231 233 232 CC-CC-CC
 346 230 231 233 CC-CC-CC
 347 227 230 231 CC-CC-CB
 348 226 228 234 C1-C2-C1
 349 228 234 235 CB-C1-C2
 350 228 234 236 C2-C1-C2
 351 235 234 236 CB-C1-C2
 352 234 235 237 C1-CB-CC
 353 234 235 238 C1-CB-CC
 354 237 235 238 CC-CB-CC
 355 235 237 240 CC-CC-CB
 356 237 240 241 CC-CC-CC
 357 239 241 240 CC-CC-CC
 358 238 239 241 CC-CC-CC
 359 235 238 239 CC-CC-CB
 360 234 236 242 C1-C2-C1
 361 236 242 243 CB-C1-C2
 362 236 242 244 C2-C1-C2
 363 243 242 244 CB-C1-C2
 364 242 243 245 C1-CB-CC
 365 242 243 246 C1-CB-CC
 366 245 243 246 CC-CB-CC
 367 243 245 248 CC-CC-CB
 368 245 248 249 CC-CC-CC
 369 247 249 248 CC-CC-CC
 370 246 247 249 CC-CC-CC
 371 243 246 247 CC-CC-CB
 372 242 244 250 C1-C2-C1
 373 244 250 251 CB-C1-C2
 374 244 250 252 C2-C1-C2
 375 251 250 252 CB-C1-C2
 376 250 251 253 C1-CB-CC
 377 250 251 254 C1-CB-CC
 378 253 251 254 CC-CB-CC
 379 251 253 256 CC-CC-CB
 380 253 256 257 CC-CC-CC
 381 255 257 256 CC-CC-CC
 382 254 255 257 CC-CC-CC
 383 251 254 255 CC-CC-CB
 384 250 252 258 C1-C2-C1
 385 252 258 259 CB-C1-C2
 386 252 258 260 C2-C1-C2
 387 259 258 260 CB-C1-C2
 388 258 259 261 C1-CB-CC
 389 258 259 262 C1-CB-CC
 390 261 259 262 CC-CB-CC
 391 259 261 264 CC-CC-CB
 392 261 264 265 CC-CC-CC
 393 263 265 264 CC-CC-CC
 394 262 263 265 CC-CC-CC
 395 259 262 263 CC-CC-CB
 396 258 260 266 C1-C2-C1
 397 260 266 267 CB-C1-C2
 398 260 266 268 C2-C1-C2
 399 267 266 268 CB-C1-C2
 400 266 267 269 C1-CB-CC
 401 266 267 270 C1-CB-CC
 402 269 267 270 CC-CB-CC
 403 267 269 272 CC-CC-CB
 404 269 272 273 CC-CC-CC
 405 271 273 272 CC-CC-CC
 406 270 271 273 CC-CC-CC
 407 267 270 271 CC-CC-CB
 408 266 268 274 C1-C2-C1
 409 268 274 275 CB-C1-C2
 410 268 274 276 C2-C1-C2
 411 275 274 276 CB-C1-C2
 412 274 275 277 C1-CB-CC
 413 274 275 278 C1-CB-CC
 414 277 275 278 CC-CB-CC
 415 275 277 280 CC-CC-CB
 416 277 280 281 CC-CC-CC
 417 279 281 280 CC-CC-CC
 418 278 279 281 CC-CC-CC
 419 275 278 279 CC-CC-CB
 420 274 276 282 C1-C2-C1
 421 276 282 283 CB-C1-C2
 422 276 282 284 C2-C1-C2
 423 283 282 284 CB-C1-C2
 424 282 283 285 C1-CB-CC
 425 282 283 286 C1-CB-CC
 426 285 283 286 CC-CB-CC
 427 283 285 288 CC-CC-CB
 428 285 288 289 CC-CC-CC
 429 287 289 288 CC-CC-CC
 430 286 287 289 CC-CC-CC
 431 283 286 287 CC-CC-CB
 432 282 284 290 C1-C2-C1
 433 284 290 291 CB-C1-C2
 434 284 290 292 C2-C1-C2
 435 291 290 292 CB-C1-C2
 436 290 291 293 C1-CB-CC
 437 290 291 294 C1-CB-CC
 438 293 291 294 CC-CB-CC
 439 291 293 296 CC-CC-CB
 440 293 296 297 CC-CC-CC
 441 295 297 296 CC-CC-CC
 442 294 295 297 CC-CC-CC
 443 291 294 295 CC-CC-CB
 444 290 292 298 C1-C2-C1
 445 292 298 299 CB-C1-C2
 446 292 298 300 C2-C1-C2
 447 299 298 300 CB-C1-C2
 448 298 299 301 C1-CB-CC
 449 298 299 302 C1-CB-CC
 450 301 299 302 CC-CB-CC
 451 299 301 304 CC-CC-CB
 452 301 304 305 CC-CC-CC
 453 303 305 304 CC-CC-CC
 454 302 303 305 CC-CC-CC
 455 299 302 303 CC-CC-CB
 456 298 300 306 C1-C2-C1
 457 300 306 307 CB-C1-C2
 458 300 306 308 C2-C1-C2
 459 307 306 308 CB-C1-C2
 460 306 307 309 C1-CB-CC
 461 306 307 310 C1-CB-CC
 462 309 307 310 CC-CB-CC
 463 307 309 312 CC-CC-CB
 464 309 312 313 CC-CC-CC
 465 311 313 312 CC-CC-CC
 466 310 311 313 CC-CC-CC
 467 307 310 311 CC-CC-CB
 468 306 308 314 C1-C2-C1
 469 308 314 315 CB-C1-C2
 470 308 314 316 C2-C1-C2
 471 315 314 316 CB-C1-C2
 472 314 315 317 C1-CB-CC
 473 314 315 318 C1-CB-CC
 474 317 315 318 CC-CB-CC
 475 315 317 320 CC-CC-CB
 476 317 320 321 CC-CC-CC
 477 319 321 320 CC-CC-CC
 478 318 319 321 CC-CC-CC
 479 315 318 319 CC-CC-CB
 480 314 316 322 C1-C2-C1
 481 316 322 323 CB-C1-C2
 482 316 322 324 C2-C1-C2
 483 323 322 324 CB-C1-C2
 484 322 323 325 C1-CB-CC
 485 322 323 326 C1-CB-CC
 486 325 323 326 CC-CB-CC
 487 323 325 328 CC-CC-CB
 488 325 328 329 CC-CC-CC
 489 327 329 328 CC-CC-CC
 490 326 327 329 CC-CC-CC
 491 323 326 327 CC-CC-CB
 492 322 324 330 C1-C2-C1
 493 324 330 331 CB-C1-C2
 494 324 330 332 C2-C1-C2
 495 331 330 332 CB-C1-C2
 496 330 331 333 C1-CB-CC
 497 330 331 334 C1-CB-CC
 498 333 331 334 CC-CB-CC
 499 331 333 336 CC-CC-CB
 500 333 336 337 CC-CC-CC
 501 335 337 336 CC-CC-CC
 502 334 335 337 CC-CC-CC
 503 331 334 335 CC-CC-CB
 504 330 332 338 C1-C2-C1
 505 332 338 339 CB-C1-C2
 506 332 338 340 C2-C1-C2
 507 339 338 340 CB-C1-C2
 508 338 339 341 C1-CB-CC
 509 338 339 342 C1-CB-CC
 510 341 339 342 CC-CB-CC
 511 339 341 344 CC-CC-CB
 512 341 344 345 CC-CC-CC
 513 343 345 344 CC-CC-CC
 514 342 343 345 CC-CC-CC
 515 339 342 343 CC-CC-CB
 516 338 340 346 C1-C2-C1
 517 340 346 347 CB-C1-C2
 518 340 346 348 C2-C1-C2
 519 347 346 348 CB-C1-C2
 520 346 347 349 C1-CB-CC
 521 346 347 350 C1-CB-CC
 522 349 347 350 CC-CB-CC
 523 347 349 352 CC-CC-CB
 524 349 352 353 CC-CC-CC
 525 351 353 352 CC-CC-CC
 526 350 351 353 CC-CC-CC
 527 347 350 351 CC-CC-CB
 528 346 348 354 C1-C2-C1
 529 348 354 355 CB-C1-C2
 530 348 354 356 C2-C1-C2
 531 355 354 356 CB-C1-C2
 532 354 355 357 C1-CB-CC
 533 354 355 358 C1-CB-CC
 534 357 355 358 CC-CB-CC
 535 355 357 360 CC-CC-CB
 536 357 360 361 CC-CC-CC
 537 359 361 360 CC-CC-CC
 538 358 359 361 CC-CC-CC
 539 355 358 359 CC-CC-CB
 540 354 356 362 C1-C2-C1
 541 356 362 363 CB-C1-C2
 542 356 362 364 C2-C1-C2
 543 363 362 364 CB-C1-C2
 544 362 363 365 C1-CB-CC
 545 362 363 366 C1-CB-CC
 546 365 363 366 CC-CB-CC
 547 363 365 368 CC-CC-CB
 548 365 368 369 CC-CC-CC
 549 367 369 368 CC-CC-CC
 550 366 367 369 CC-CC-CC
 551 363 366 367 CC-CC-CB
 552 362 364 370 C1-C2-C1
 553 364 370 371 CB-C1-C2
 554 364 370 372 C2-C1-C2
 555 371 370 372 CB-C1-C2
 556 370 371 373 C1-CB-CC
 557 370 371 374 C1-CB-CC
 558 373 371 374 CC-CB-CC
 559 371 373 376 CC-CC-CB
 560 373 376 377 CC-CC-CC
 561 375 377 376 CC-CC-CC
 562 374 375 377 CC-CC-CC
 563 371 374 375 CC-CC-CB
 564 370 372 378 C1-C2-C1
 565 372 378 379 CB-C1-C2
 566 372 378 380 C2-C1-C2
 567 379 378 380 CB-C1-C2
 568 378 379 381 C1-CB-CC
 569 378 379 382 C1-CB-CC
 570 381 379 382 CC-CB-CC
 571 379 381 384 CC-CC-CB
 572 381 384 385 CC-CC-CC
 573 383 385 384 CC-CC-CC
 574 382 383 385 CC-CC-CC
 575 379 382 383 CC-CC-CB
 576 378 380 386 C1-C2-C1
 577 380 386 387 CB-C1-C2
 578 380 386 388 C2-C1-C2
 579 387 386 388 CB-C1-C2
 580 386 387 389 C1-CB-CC
 581 386 387 390 C1-CB-CC
 582 389 387 390 CC-CB-CC
 583 387 389 392 CC-CC-CB
 584 389 392 393 CC-CC-CC
 585 391 393 392 CC-CC-CC
 586 390 391 393 CC-CC-CC
 587 387 390 391 CC-CC-CB
 588 386 388 394 C1-C2-C1
 589 388 394 395 CB-C1-C2
 590 388 394 396 C2-C1-C2
 591 395 394 396 CB-C1-C2
 592 394 395 397 C1-CB-CC
 593 394 395 398 C1-CB-CC
 594 397 395 398 CC-CB-CC
 595 395 397 400 CC-CC-CB
 596 397 400 401 CC-CC-CC
 597 399 401 400 CC-CC-CC
 598 398 399 401 CC-CC-CC
 599 395 398 399 CC-CC-CB

<TORSION>
   1   1   2   3   5   X-C1-CB-X
   2   1   2   3   6   X-C1-CB-X
   3   4   2   3   5   X-C1-CB-X
   4   4   2   3   6   X-C1-CB-X
   5   2   3   5   8   X-CC-CB-X
   6   6   3   5   8   X-CC-CB-X
   7   3   5   8   9   X-CC-CC-X
   8   5   8   9   7   X-CC-CC-X
   9   6   7   9   8   X-CC-CC-X
  10   3   6   7   9   X-CC-CC-X
  11   2   3   6   7   X-CC-CB-X
  12   5   3   6   7   X-CC-CB-X
  13   1   2   4  10   X-C1-C2-X
  14   3   2   4  10   X-C1-C2-X
  15   2   4  10  12   X-C1-C2-X
  16   2   4  10  11   X-C1-C2-X
  17   4  10  11  13   X-C1-CB-X
  18   4  10  11  14   X-C1-CB-X
  19  12  10  11  13   X-C1-CB-X
  20  12  10  11  14   X-C1-CB-X
  21  10  11  13  16   X-CC-CB-X
  22  14  11  13  16   X-CC-CB-X
  23  11  13  16  17   X-CC-CC-X
  24  13  16  17  15   X-CC-CC-X
  25  14  15  17  16   X-CC-CC-X
  26  11  14  15  17   X-CC-CC-X
  27  10  11  14  15   X-CC-CB-X
  28  13  11  14  15   X-CC-CB-X
  29   4  10  12  18   X-C1-C2-X
  30  11  10  12  18   X-C1-C2-X
  31  10  12  18  20   X-C1-C2-X
  32  10  12  18  19   X-C1-C2-X
  33  12  18  19  21   X-C1-CB-X
  34  12  18  19  22   X-C1-CB-X
  35  20  18  19  21   X-C1-CB-X
  36  20  18  19  22   X-C1-CB-X
  37  18  19  21  24   X-CC-CB-X
  38  22  19  21  24   X-CC-CB-X
  39  19  21  24  25   X-CC-CC-X
  40  21  24  25  23   X-CC-CC-X
  41  22  23  25  24   X-CC-CC-X
  42  19  22  23  25   X-CC-CC-X
  43  18  19  22  23   X-CC-CB-X
  44  21  19  22  23   X-CC-CB-X
  45  12  18  20  26   X-C1-C2-X
  46  19  18  20  26   X-C1-C2-X
  47  18  20  26  28   X-C1-C2-X
  48  18  20  26  27   X-C1-C2-X
  49  20  26  27  29   X-C1-CB-X
  50  20  26  27  30   X-C1-CB-X
  51  28  26  27  29   X-C1-CB-X
  52  28  26  27  30   X-C1-CB-X
  53  26  27  29  32   X-CC-CB-X
  54  30  27  29  32   X-CC-CB-X
  55  27  29  32  33   X-CC-CC-X
  56  29  32  33  31   X-CC-CC-X
  57  30  31  33  32   X-CC-CC-X
  58  27  30  31  33   X-CC-CC-X
  59  26  27  30  31   X-CC-CB-X
  60  29  27  30  31   X-CC-CB-X
  61  20  26  28  34   X-C1-C2-X
  62  27  26  28  34   X-C1-C2-X
  63  26  28  34  36   X-C1-C2-X
  64  26  28  34  35   X-C1-C2-X
  65  28  34  35  37   X-C1-CB-X
  66  28  34  35  38   X-C1-CB-X
  67  36  34  35  37   X-C1-CB-X
  68  36  34  35  38   X-C1-CB-X
  69  34  35  37  40   X-CC-CB-X
  70  38  35  37  40   X-CC-CB-X
  71  35  37  40  41   X-CC-CC-X
  72  37  40  41  39   X-CC-CC-X
  73  38  39  41  40   X-CC-CC-X
  74  35  38  39  41   X-CC-CC-X
  75  34  35  38  39   X-CC-CB-X
  76  37  35  38  39   X-CC-CB-X
  77  28  34  36  42   X-C1-C2-X
  78  35  34  36  42   X-C1-C2-X
  79  34  36  42  44   X-C1-C2-X
  80  34  36  42  43   X-C1-C2-X
  81  36  42  43  45   X-C1-CB-X
  82  36  42  43  46   X-C1-CB-X
  83  44  42  43  45   X-C1-CB-X
  84  44  42  43  46   X-C1-CB-X
  85  42  43  45  48   X-CC-CB-X
  86  46  43  45  48   X-CC-CB-X
  87  43  45  48  49   X-CC-CC-X
  88  45  48  49  47   X-CC-CC-X
  89  46  47  49  48   X-CC-CC-X
  90  43  46  47  49   X-CC-CC-X
  91  42  43  46  47   X-CC-CB-X
  92  45  43  46  47   X-CC-CB-X
  93  36  42  44  50   X-C1-C2-X
  94  43  42  44  50   X-C1-C2-X
  95  42  44  50  52   X-C1-C2-X
  96  42  44  50  51   X-C1-C2-X
  97  44  50  51  53   X-C1-CB-X
  98  44  50  51  54   X-C1-CB-X
  99  52  50  51  53   X-C1-CB-X
 100  52  50  51  54   X-C1-CB-X
 101  50  51  53  56   X-CC-CB-X
 102  54  51  53  56   X-CC-CB-X
 103  51  53  56  57   X-CC-CC-X
 104  53  56  57  55   X-CC-CC-X
 105  54  55  57  56   X-CC-CC-X
 106  51  54  55  57   X-CC-CC-X
 107  50  51  54  55   X-CC-CB-X
 108  53  51  54  55   X-CC-CB-X
 109  44  50  52  58   X-C1-C2-X
 110  51  50  52  58   X-C1-C2-X
 111  50  52  58  60   X-C1-C2-X
 112  50  52  58  59   X-C1-C2-X
 113  52  58  59  61   X-C1-CB-X
 114  52  58  59  62   X-C1-CB-X
 115  60  58  59  61   X-C1-CB-X
 116  60  58  59  62   X-C1-CB-X
 117  58  59  61  64   X-CC-CB-X
 118  62  59  61  64   X-CC-CB-X
 119  59  61  64  65   X-CC-CC-X
 120  61  64  65  63   X-CC-CC-X
 121  62  63  65  64   X-CC-CC-X
 122  59  62  63  65   X-CC-CC-X
 123  58  59  62  63   X-CC-CB-X
 124  61  59  62  63   X-CC-CB-X
 125  52  58  60  66   X-C1-C2-X
 126  59  58  60  66   X-C1-C2-X
 127  58  60  66  68   X-C1-C2-X
 128  58  60  66  67   X-C1-C2-X
 129  60  66  67  69   X-C1-CB-X
 130  60  66  67  70   X-C1-CB-X
 131  68  66  67  69   X-C1-CB-X
 132  68  66  67  70   X-C1-CB-X
 133  66  67  69  72   X-CC-CB-X
 134  70  67  69  72   X-CC-CB-X
 135  67  69  72  73   X-CC-CC-X
 136  69  72  73  71   X-CC-CC-X
 137  70  71  73  72   X-CC-CC-X
 138  67  70  71  73   X-CC-CC-X
 139  66  67  70  71   X-CC-CB-X
 140  69  67  70  71   X-CC-CB-X
 141  60  66  68  74   X-C1-C2-X
 142  67  66  68  74   X-C1-C2-X
 143  66  68  74  76   X-C1-C2-X
 144  66  68  74  75   X-C1-C2-X
 145  68  74  75  77   X-C1-CB-X
 146  68  74  75  78   X-C1-CB-X
 147  76  74  75  77   X-C1-CB-X
 148  76  74  75  78   X-C1-CB-X
 149  74  75  77  80   X-CC-CB-X
 150  78  75  77  80   X-CC-CB-X
 151  75  77  80  81   X-CC-CC-X
 152  77  80  81  79   X-CC-CC-X
 153  78  79  81  80   X-CC-CC-X
 154  75  78  79  81   X-CC-CC-X
 155  74  75  78  79   X-CC-CB-X
 156  77  75  78  79   X-CC-CB-X
 157  68  74  76  82   X-C1-C2-X
 158  75  74  76  82   X-C1-C2-X
 159  74  76  82  84   X-C1-C2-X
 160  74  76  82  83   X-C1-C2-X
 161  76  82  83  85   X-C1-CB-X
 162  76  82  83  86   X-C1-CB-X
 163  84  82  83  85   X-C1-CB-X
 164  84  82  83  86   X-C1-CB-X
 165  82  83  85  88   X-CC-CB-X
 166  86  83  85  88   X-CC-CB-X
 167  83  85  88  89   X-CC-CC-X
 168  85  88  89  87   X-CC-CC-X
 169  86  87  89  88   X-CC-CC-X
 170  83  86  87  89   X-CC-CC-X
 171  82  83  86  87   X-CC-CB-X
 172  85  83  86  87   X-CC-CB-X
 173  76  82  84  90   X-C1-C2-X
 174  83  82  84  90   X-C1-C2-X
 175  82  84  90  92   X-C1-C2-X
 176  82  84  90  91   X-C1-C2-X
 177  84  90  91  93   X-C1-CB-X
 178  84  90  91  94   X-C1-CB-X
 179  92  90  91  93   X-C1-CB-X
 180  92  90  91  94   X-C1-CB-X
 181  90  91  93  96   X-CC-CB-X
 182  94  91  93  96   X-CC-CB-X
 183  91  93  96  97   X-CC-CC-X
 184  93  96  97  95   X-CC-CC-X
 185  94  95  97  96   X-CC-CC-X
 186  91  94  95  97   X-CC-CC-X
 187  90  91  94  95   X-CC-CB-X
 188  93  91  94  95   X-CC-CB-X
 189  84  90  92  98   X-C1-C2-X
 190  91  90  92  98   X-C1-C2-X
 191  90  92  98 100   X-C1-C2-X
 192  90  92  98  99   X-C1-C2-X
 193  92  98  99 101   X-C1-CB-X
 194  92  98  99 102   X-C1-CB-X
 195 100  98  99 101   X-C1-CB-X
 196 100  98  99 102   X-C1-CB-X
 197  98  99 101 104   X-CC-CB-X
 198 102  99 101 104   X-CC-CB-X
 199  99 101 104 105   X-CC-CC-X
 200 101 104 105 103   X-CC-CC-X
 201 102 103 105 104   X-CC-CC-X
 202  99 102 103 105   X-CC-CC-X
 203  98  99 102 103   X-CC-CB-X
 204 101  99 102 103   X-CC-CB-X
 205  92  98 100 106   X-C1-C2-X
 206  99  98 100 106   X-C1-C2-X
 207  98 100 106 108   X-C1-C2-X
 208  98 100 106 107   X-C1-C2-X
 209 100 106 107 109   X-C1-CB-X
 210 100 106 107 110   X-C1-CB-X
 211 108 106 107 109   X-C1-CB-X
 212 108 106 107 110   X-C1-CB-X
 213 106 107 109 112   X-CC-CB-X
 214 110 107 109 112   X-CC-CB-X
 215 107 109 112 113   X-CC-CC-X
 216 109 112 113 111   X-CC-CC-X
 217 110 111 113 112   X-CC-CC-X
 218 107 110 111 113   X-CC-CC-X
 219 106 107 110 111   X-CC-CB-X
 220 109 107 110 111   X-CC-CB-X
 221 100 106 108 114   X-C1-C2-X
 222 107 106 108 114   X-C1-C2-X
 223 106 108 114 116   X-C1-C2-X
 224 106 108 114 115   X-C1-C2-X
 225 108 114 115 117   X-C1-CB-X
 226 108 114 115 118   X-C1-CB-X
 227 116 114 115 117   X-C1-CB-X
 228 116 114 115 118   X-C1-CB-X
 229 114 115 117 120   X-CC-CB-X
 230 118 115 117 120   X-CC-CB-X
 231 115 117 120 121   X-CC-CC-X
 232 117 120 121 119   X-CC-CC-X
 233 118 119 121 120   X-CC-CC-X
 234 115 118 119 121   X-CC-CC-X
 235 114 115 118 119   X-CC-CB-X
 236 117 115 118 119   X-CC-CB-X
 237 108 114 116 122   X-C1-C2-X
 238 115 114 116 122   X-C1-C2-X
 239 114 116 122 124   X-C1-C2-X
 240 114 116 122 123   X-C1-C2-X
 241 116 122 123 125   X-C1-CB-X
 242 116 122 123 126   X-C1-CB-X
 243 124 122 123 125   X-C1-CB-X
 244 124 122 123 126   X-C1-CB-X
 245 122 123 125 128   X-CC-CB-X
 246 126 123 125 128   X-CC-CB-X
 247 123 125 128 129   X-CC-CC-X
 248 125 128 129 127   X-CC-CC-X
 249 126 127 129 128   X-CC-CC-X
 250 123 126 127 129   X-CC-CC-X
 251 122 123 126 127   X-CC-CB-X
 252 125 123 126 127   X-CC-CB-X
 253 116 122 124 130   X-C1-C2-X
 254 123 122 124 130   X-C1-C2-X
 255 122 124 130 132   X-C1-C2-X
 256 122 124 130 131   X-C1-C2-X
 257 124 130 131 133   X-C1-CB-X
 258 124 130 131 134   X-C1-CB-X
 259 132 130 131 133   X-C1-CB-X
 260 132 130 131 134   X-C1-CB-X
 261 130 131 133 136   X-CC-CB-X
 262 134 131 133 136   X-CC-CB-X
 263 131 133 136 137   X-CC-CC-X
 264 133 136 137 135   X-CC-CC-X
 265 134 135 137 136   X-CC-CC-X
 266 131 134 135 137   X-CC-CC-X
 267 130 131 134 135   X-CC-CB-X
 268 133 131 134 135   X-CC-CB-X
 269 124 130 132 138   X-C1-C2-X
 270 131 130 132 138   X-C1-C2-X
 271 130 132 138 140   X-C1-C2-X
 272 130 132 138 139   X-C1-C2-X
 273 132 138 139 141   X-C1-CB-X
 274 132 138 139 142   X-C1-CB-X
 275 140 138 139 141   X-C1-CB-X
 276 140 138 139 142   X-C1-CB-X
 277 138 139 141 144   X-CC-CB-X
 278 142 139 141 144   X-CC-CB-X
 279 139 141 144 145   X-CC-CC-X
 280 141 144 145 143   X-CC-CC-X
 281 142 143 145 144   X-CC-CC-X
 282 139 142 143 145   X-CC-CC-X
 283 138 139 142 143   X-CC-CB-X
 284 141 139 142 143   X-CC-CB-X
 285 132 138 140 146   X-C1-C2-X
 286 139 138 140 146   X-C1-C2-X
 287 138 140 146 148   X-C1-C2-X
 288 138 140 146 147   X-C1-C2-X
 289 140 146 147 149   X-C1-CB-X
 290 140 146 147 150   X-C1-CB-X
 291 148 146 147 149   X-C1-CB-X
 292 148 146 147 150   X-C1-CB-X
 293 146 147 149 152   X-CC-CB-X
 294 150 147 149 152   X-CC-CB-X
 295 147 149 152 153   X-CC-CC-X
 296 149 152 153 151   X-CC-CC-X
 297 150 151 153 152   X-CC-CC-X
 298 147 150 151 153   X-CC-CC-X
 299 146 147 150 151   X-CC-CB-X
 300 149 147 150 151   X-CC-CB-X
 301 140 146 148 154   X-C1-C2-X
 302 147 146 148 154   X-C1-C2-X
 303 146 148 154 156   X-C1-C2-X
 304 146 148 154 155   X-C1-C2-X
 305 148 154 155 157   X-C1-CB-X
 306 148 154 155 158   X-C1-CB-X
 307 156 154 155 157   X-C1-CB-X
 308 156 154 155 158   X-C1-CB-X
 309 154 155 157 160   X-CC-CB-X
 310 158 155 157 160   X-CC-CB-X
 311 155 157 160 161   X-CC-CC-X
 312 157 160 161 159   X-CC-CC-X
 313 158 159 161 160   X-CC-CC-X
 314 155 158 159 161   X-CC-CC-X
 315 154 155 158 159   X-CC-CB-X
 316 157 155 158 159   X-CC-CB-X
 317 148 154 156 162   X-C1-C2-X
 318 155 154 156 162   X-C1-C2-X
 319 154 156 162 164   X-C1-C2-X
 320 154 156 162 163   X-C1-C2-X
 321 156 162 163 165   X-C1-CB-X
 322 156 162 163 166   X-C1-CB-X
 323 164 162 163 165   X-C1-CB-X
 324 164 162 163 166   X-C1-CB-X
 325 162 163 165 168   X-CC-CB-X
 326 166 163 165 168   X-CC-CB-X
 327 163 165 168 169   X-CC-CC-X
 328 165 168 169 167   X-CC-CC-X
 329 166 167 169 168   X-CC-CC-X
 330 163 166 167 169   X-CC-CC-X
 331 162 163 166 167   X-CC-CB-X
 332 165 163 166 167   X-CC-CB-X
 333 156 162 164 170   X-C1-C2-X
 334 163 162 164 170   X-C1-C2-X
 335 162 164 170 172   X-C1-C2-X
 336 162 164 170 171   X-C1-C2-X
 337 164 170 171 173   X-C1-CB-X
 338 164 170 171 174   X-C1-CB-X
 339 172 170 171 173   X-C1-CB-X
 340 172 170 171 174   X-C1-CB-X
 341 170 171 173 176   X-CC-CB-X
 342 174 171 173 176   X-CC-CB-X
 343 171 173 176 177   X-CC-CC-X
 344 173 176 177 175   X-CC-CC-X
 345 174 175 177 176   X-CC-CC-X
 346 171 174 175 177   X-CC-CC-X
 347 170 171 174 175   X-CC-CB-X
 348 173 171 174 175   X-CC-CB-X
 349 164 170 172 178   X-C1-C2-X
 350 171 170 172 178   X-C1-C2-X
 351 170 172 178 180   X-C1-C2-X
 352 170 172 178 179   X-C1-C2-X
 353 172 178 179 181   X-C1-CB-X
 354 172 178 179 182   X-C1-CB-X
 355 180 178 179 181   X-C1-CB-X
 356 180 178 179 182   X-C1-CB-X
 357 178 179 181 184   X-CC-CB-X
 358 182 179 181 184   X-CC-CB-X
 359 179 181 184 185   X-CC-CC-X
 360 181 184 185 183   X-CC-CC-X
 361 182 183 185 184   X-CC-CC-X
 362 179 182 183 185   X-CC-CC-X
 363 178 179 182 183   X-CC-CB-X
 364 181 179 182 183   X-CC-CB-X
 365 172 178 180 186   X-C1-C2-X
 366 179 178 180 186   X-C1-C2-X
 367 178 180 186 188   X-C1-C2-X
 368 178 180 186 187   X-C1-C2-X
 369 180 186 187 189   X-C1-CB-X
 370 180 186 187 190   X-C1-CB-X
 371 188 186 187 189   X-C1-CB-X
 372 188 186 187 190   X-C1-CB-X
 373 186 187 189 192   X-CC-CB-X
 374 190 187 189 192   X-CC-CB-X
 375 187 189 192 193   X-CC-CC-X
 376 189 192 193 191   X-CC-CC-X
 377 190 191 193 192   X-CC-CC-X
 378 187 190 191 193   X-CC-CC-X
 379 186 187 190 191   X-CC-CB-X
 380 189 187 190 191   X-CC-CB-X
 381 180 186 188 194   X-C1-C2-X
 382 187 186 188 194   X-C1-C2-X
 383 186 188 194 196   X-C1-C2-X
 384 186 188 194 195   X-C1-C2-X
 385 188 194 195 197   X-C1-CB-X
 386 188 194 195 198   X-C1-CB-X
 387 196 194 195 197   X-C1-CB-X
 388 196 194 195 198   X-C1-CB-X
 389 194 195 197 200   X-CC-CB-X
 390 198 195 197 200   X-CC-CB-X
 391 195 197 200 201   X-CC-CC-X
 392 197 200 201 199   X-CC-CC-X
 393 198 199 201 200   X-CC-CC-X
 394 195 198 199 201   X-CC-CC-X
 395 194 195 198 199   X-CC-CB-X
 396 197 195 198 199   X-CC-CB-X
 397 188 194 196 202   X-C1-C2-X
 398 195 194 196 202   X-C1-C2-X
 399 194 196 202 204   X-C1-C2-X
 400 194 196 202 203   X-C1-C2-X
 401 196 202 203 205   X-C1-CB-X
 402 196 202 203 206   X-C1-CB-X
 403 204 202 203 205   X-C1-CB-X
 404 204 202 203 206   X-C1-CB-X
 405 202 203 205 208   X-CC-CB-X
 406 206 203 205 208   X-CC-CB-X
 407 203 205 208 209   X-CC-CC-X
 408 205 208 209 207   X-CC-CC-X
 409 206 207 209 208   X-CC-CC-X
 410 203 206 207 209   X-CC-CC-X
 411 202 203 206 207   X-CC-CB-X
 412 205 203 206 207   X-CC-CB-X
 413 196 202 204 210   X-C1-C2-X
 414 203 202 204 210   X-C1-C2-X
 415 202 204 210 212   X-C1-C2-X
 416 202 204 210 211   X-C1-C2-X
 417 204 210 211 213   X-C1-CB-X
 418 204 210 211 214   X-C1-CB-X
 419 212 210 211 213   X-C1-CB-X
 420 212 210 211 214   X-C1-CB-X
 421 210 211 213 216   X-CC-CB-X
 422 214 211 213 216   X-CC-CB-X
 423 211 213 216 217   X-CC-CC-X
 424 213 216 217 215   X-CC-CC-X
 425 214 215 217 216   X-CC-CC-X
 426 211 214 215 217   X-CC-CC-X
 427 210 211 214 215   X-CC-CB-X
 428 213 211 214 215   X-CC-CB-X
 429 204 210 212 218   X-C1-C2-X
 430 211 210 212 218   X-C1-C2-X
 431 210 212 218 220   X-C1-C2-X
 432 210 212 218 219   X-C1-C2-X
 433 212 218 219 221   X-C1-CB-X
 434 212 218 219 222   X-C1-CB-X
 435 220 218 219 221   X-C1-CB-X
 436 220 218 219 222   X-C1-CB-X
 437 218 219 221 224   X-CC-CB-X
 438 222 219 221 224   X-CC-CB-X
 439 219 221 224 225   X-CC-CC-X
 440 221 224 225 223   X-CC-CC-X
 441 222 223 225 224   X-CC-CC-X
 442 219 222 223 225   X-CC-CC-X
 443 218 219 222 223   X-CC-CB-X
 444 221 219 222 223   X-CC-CB-X
 445 212 218 220 226   X-C1-C2-X
 446 219 218 220 226   X-C1-C2-X
 447 218 220 226 228   X-C1-C2-X
 448 218 220 226 227   X-C1-C2-X
 449 220 226 227 229   X-C1-CB-X
 450 220 226 227 230   X-C1-CB-X
 451 228 226 227 229   X-C1-CB-X
 452 228 226 227 230   X-C1-CB-X
 453 226 227 229 232   X-CC-CB-X
 454 230 227 229 232   X-CC-CB-X
 455 227 229 232 233   X-CC-CC-X
 456 229 232 233 231   X-CC-CC-X
 457 230 231 233 232   X-CC-CC-X
 458 227 230 231 233   X-CC-CC-X
 459 226 227 230 231   X-CC-CB-X
 460 229 227 230 231   X-CC-CB-X
 461 220 226 228 234   X-C1-C2-X
 462 227 226 228 234   X-C1-C2-X
 463 226 228 234 236   X-C1-C2-X
 464 226 228 234 235   X-C1-C2-X
 465 228 234 235 237   X-C1-CB-X
 466 228 234 235 238   X-C1-CB-X
 467 236 234 235 237   X-C1-CB-X
 468 236 234 235 238   X-C1-CB-X
 469 234 235 237 240   X-CC-CB-X
 470 238 235 237 240   X-CC-CB-X
 471 235 237 240 241   X-CC-CC-X
 472 237 240 241 239   X-CC-CC-X
 473 238 239 241 240   X-CC-CC-X
 474 235 238 239 241   X-CC-CC-X
 475 234 235 238 239   X-CC-CB-X
 476 237 235 238 239   X-CC-CB-X
 477 228 234 236 242   X-C1-C2-X
 478 235 234 236 242   X-C1-C2-X
 479 234 236 242 244   X-C1-C2-X
 480 234 236 242 243   X-C1-C2-X
 481 236 242 243 245   X-C1-CB-X
 482 236 242 243 246   X-C1-CB-X
 483 244 242 243 245   X-C1-CB-X
 484 244 242 243 246   X-C1-CB-X
 485 242 243 245 248   X-CC-CB-X
 486 246 243 245 248   X-CC-CB-X
 487 243 245 248 249   X-CC-CC-X
 488 245 248 249 247   X-CC-CC-X
 489 246 247 249 248   X-CC-CC-X
 490 243 246 247 249   X-CC-CC-X
 491 242 243 246 247   X-CC-CB-X
 492 245 243 246 247   X-CC-CB-X
 493 236 242 244 250   X-C1-C2-X
 494 243 242 244 250   X-C1-C2-X
 495 242 244 250 252   X-C1-C2-X
 496 242 244 250 251   X-C1-C2-X
 497 244 250 251 253   X-C1-CB-X
 498 244 250 251 254   X-C1-CB-X
 499 252 250 251 253   X-C1-CB-X
 500 252 250 251 254   X-C1-CB-X
 501 250 251 253 256   X-CC-CB-X
 502 254 251 253 256   X-CC-CB-X
 503 251 253 256 257   X-CC-CC-X
 504 253 256 257 255   X-CC-CC-X
 505 254 255 257 256   X-CC-CC-X
 506 251 254 255 257   X-CC-CC-X
 507 250 251 254 255   X-CC-CB-X
 508 253 251 254 255   X-CC-CB-X
 509 244 250 252 258   X-C1-C2-X
 510 251 250 252 258   X-C1-C2-X
 511 250 252 258 260   X-C1-C2-X
 512 250 252 258 259   X-C1-C2-X
 513 252 258 259 261   X-C1-CB-X
 514 252 258 259 262   X-C1-CB-X
 515 260 258 259 261   X-C1-CB-X
 516 260 258 259 262   X-C1-CB-X
 517 258 259 261 264   X-CC-CB-X
 518 262 259 261 264   X-CC-CB-X
 519 259 261 264 265   X-CC-CC-X
 520 261 264 265 263   X-CC-CC-X
 521 262 263 265 264   X-CC-CC-X
 522 259 262 263 265   X-CC-CC-X
 523 258 259 262 263   X-CC-CB-X
 524 261 259 262 263   X-CC-CB-X
 525 252 258 260 266   X-C1-C2-X
 526 259 258 260 266   X-C1-C2-X
 527 258 260 266 268   X-C1-C2-X
 528 258 260 266 267   X-C1-C2-X
 529 260 266 267 269   X-C1-CB-X
 530 260 266 267 270   X-C1-CB-X
 531 268 266 267 269   X-C1-CB-X
 532 268 266 267 270   X-C1-CB-X
 533 266 267 269 272   X-CC-CB-X
 534 270 267 269 272   X-CC-CB-X
 535 267 269 272 273   X-CC-CC-X
 536 269 272 273 271   X-CC-CC-X
 537 270 271 273 272   X-CC-CC-X
 538 267 270 271 273   X-CC-CC-X
 539 266 267 270 271   X-CC-CB-X
 540 269 267 270 271   X-CC-CB-X
 541 260 266 268 274   X-C1-C2-X
 542 267 266 268 274   X-C1-C2-X
 543 266 268 274 276   X-C1-C2-X
 544 266 268 274 275   X-C1-C2-X
 545 268 274 275 277   X-C1-CB-X
 546 268 274 275 278   X-C1-CB-X
 547 276 274 275 277   X-C1-CB-X
 548 276 274 275 278   X-C1-CB-X
 549 274 275 277 280   X-CC-CB-X
 550 278 275 277 280   X-CC-CB-X
 551 275 277 280 281   X-CC-CC-X
 552 277 280 281 279   X-CC-CC-X
 553 278 279 281 280   X-CC-CC-X
 554 275 278 279 281   X-CC-CC-X
 555 274 275 278 279   X-CC-CB-X
 556 277 275 278 279   X-CC-CB-X
 557 268 274 276 282   X-C1-C2-X
 558 275 274 276 282   X-C1-C2-X
 559 274 276 282 284   X-C1-C2-X
 560 274 276 282 283   X-C1-C2-X
 561 276 282 283 285   X-C1-CB-X
 562 276 282 283 286   X-C1-CB-X
 563 284 282 283 285   X-C1-CB-X
 564 284 282 283 286   X-C1-CB-X
 565 282 283 285 288   X-CC-CB-X
 566 286 283 285 288   X-CC-CB-X
 567 283 285 288 289   X-CC-CC-X
 568 285 288 289 287   X-CC-CC-X
 569 286 287 289 288   X-CC-CC-X
 570 283 286 287 289   X-CC-CC-X
 571 282 283 286 287   X-CC-CB-X
 572 285 283 286 287   X-CC-CB-X
 573 276 282 284 290   X-C1-C2-X
 574 283 282 284 290   X-C1-C2-X
 575 282 284 290 292   X-C1-C2-X
 576 282 284 290 291   X-C1-C2-X
 577 284 290 291 293   X-C1-CB-X
 578 284 290 291 294   X-C1-CB-X
 579 292 290 291 293   X-C1-CB-X
 580 292 290 291 294   X-C1-CB-X
 581 290 291 293 296   X-CC-CB-X
 582 294 291 293 296   X-CC-CB-X
 583 291 293 296 297   X-CC-CC-X
 584 293 296 297 295   X-CC-CC-X
 585 294 295 297 296   X-CC-CC-X
 586 291 294 295 297   X-CC-CC-X
 587 290 291 294 295   X-CC-CB-X
 588 293 291 294 295   X-CC-CB-X
 589 284 290 292 298   X-C1-C2-X
 590 291 290 292 298   X-C1-C2-X
 591 290 292 298 300   X-C1-C2-X
 592 290 292 298 299   X-C1-C2-X
 593 292 298 299 301   X-C1-CB-X
 594 292 298 299 302   X-C1-CB-X
 595 300 298 299 301   X-C1-CB-X
 596 300 298 299 302   X-C1-CB-X
 597 298 299 301 304   X-CC-CB-X
 598 302 299 301 304   X-CC-CB-X
 599 299 301 304 305   X-CC-CC-X
 600 301 304 305 303   X-CC-CC-X
 601 302 303 305 304   X-CC-CC-X
 602 299 302 303 305   X-CC-CC-X
 603 298 299 302 303   X-CC-CB-X
 604 301 299 302 303   X-CC-CB-X
 605 292 298 300 306   X-C1-C2-X
 606 299 298 300 306   X-C1-C2-X
 607 298 300 306 308   X-C1-C2-X
 608 298 300 306 307   X-C1-C2-X
 609 300 306 307 309   X-C1-CB-X
 610 300 306 307 310   X-C1-CB-X
 611 308 306 307 309   X-C1-CB-X
 612 308 306 307 310   X-C1-CB-X
 613 306 307 309 312   X-CC-CB-X
 614 310 307 309 312   X-CC-CB-X
 615 307 309 312 313   X-CC-CC-X
 616 309 312 313 311   X-CC-CC-X
 617 310 311 313 312   X-CC-CC-X
 618 307 310 311 313   X-CC-CC-X
 619 306 307 310 311   X-CC-CB-X
 620 309 307 310 311   X-CC-CB-X
 621 300 306 308 314   X-C1-C2-X
 622 307 306 308 314   X-C1-C2-X
 623 306 308 314 316   X-C1-C2-X
 624 306 308 314 315   X-C1-C2-X
 625 308 314 315 317   X-C1-CB-X
 626 308 314 315 318   X-C1-CB-X
 627 316 314 315 317   X-C1-CB-X
 628 316 314 315 318   X-C1-CB-X
 629 314 315 317 320   X-CC-CB-X
 630 318 315 317 320   X-CC-CB-X
 631 315 317 320 321   X-CC-CC-X
 632 317 320 321 319   X-CC-CC-X
 633 318 319 321 320   X-CC-CC-X
 634 315 318 319 321   X-CC-CC-X
 635 314 315 318 319   X-CC-CB-X
 636 317 315 318 319   X-CC-CB-X
 637 308 314 316 322   X-C1-C2-X
 638 315 314 316 322   X-C1-C2-X
 639 314 316 322 324   X-C1-C2-X
 640 314 316 322 323   X-C1-C2-X
 641 316 322 323 325   X-C1-CB-X
 642 316 322 323 326   X-C1-CB-X
 643 324 322 323 325   X-C1-CB-X
 644 324 322 323 326   X-C1-CB-X
 645 322 323 325 328   X-CC-CB-X
 646 326 323 325 328   X-CC-CB-X
 647 323 325 328 329   X-CC-CC-X
 648 325 328 329 327   X-CC-CC-X
 649 326 327 329 328   X-CC-CC-X
 650 323 326 327 329   X-CC-CC-X
 651 322 323 326 327   X-CC-CB-X
 652 325 323 326 327   X-CC-CB-X
 653 316 322 324 330   X-C1-C2-X
 654 323 322 324 330   X-C1-C2-X
 655 322 324 330 332   X-C1-C2-X
 656 322 324 330 331   X-C1-C2-X
 657 324 330 331 333   X-C1-CB-X
 658 324 330 331 334   X-C1-CB-X
 659 332 330 331 333   X-C1-CB-X
 660 332 330 331 334   X-C1-CB-X
 661 330 331 333 336   X-CC-CB-X
 662 334 331 333 336   X-CC-CB-X
 663 331 333 336 337   X-CC-CC-X
 664 333 336 337 335   X-CC-CC-X
 665 334 335 337 336   X-CC-CC-X
 666 331 334 335 337   X-CC-CC-X
 667 330 331 334 335   X-CC-CB-X
 668 333 331 334 335   X-CC-CB-X
 669 324 330 332 338   X-C1-C2-X
 670 331 330 332 338   X-C1-C2-X
 671 330 332 338 340   X-C1-C2-X
 672 330 332 338 339   X-C1-C2-X
 673 332 338 339 341   X-C1-CB-X
 674 332 338 339 342   X-C1-CB-X
 675 340 338 339 341   X-C1-CB-X
 676 340 338 339 342   X-C1-CB-X
 677 338 339 341 344   X-CC-CB-X
 678 342 339 341 344   X-CC-CB-X
 679 339 341 344 345   X-CC-CC-X
 680 341 344 345 343   X-CC-CC-X
 681 342 343 345 344   X-CC-CC-X
 682 339 342 343 345   X-CC-CC-X
 683 338 339 342 343   X-CC-CB-X
 684 341 339 342 343   X-CC-CB-X
 685 332 338 340 346   X-C1-C2-X
 686 339 338 340 346   X-C1-C2-X
 687 338 340 346 348   X-C1-C2-X
 688 338 340 346 347   X-C1-C2-X
 689 340 346 347 349   X-C1-CB-X
 690 340 346 347 350   X-C1-CB-X
 691 348 346 347 349   X-C1-CB-X
 692 348 346 347 350   X-C1-CB-X
 693 346 347 349 352   X-CC-CB-X
 694 350 347 349 352   X-CC-CB-X
 695 347 349 352 353   X-CC-CC-X
 696 349 352 353 351   X-CC-CC-X
 697 350 351 353 352   X-CC-CC-X
 698 347 350 351 353   X-CC-CC-X
 699 346 347 350 351   X-CC-CB-X
 700 349 347 350 351   X-CC-CB-X
 701 340 346 348 354   X-C1-C2-X
 702 347 346 348 354   X-C1-C2-X
 703 346 348 354 356   X-C1-C2-X
 704 346 348 354 355   X-C1-C2-X
 705 348 354 355 357   X-C1-CB-X
 706 348 354 355 358   X-C1-CB-X
 707 356 354 355 357   X-C1-CB-X
 708 356 354 355 358   X-C1-CB-X
 709 354 355 357 360   X-CC-CB-X
 710 358 355 357 360   X-CC-CB-X
 711 355 357 360 361   X-CC-CC-X
 712 357 360 361 359   X-CC-CC-X
 713 358 359 361 360   X-CC-CC-X
 714 355 358 359 361   X-CC-CC-X
 715 354 355 358 359   X-CC-CB-X
 716 357 355 358 359   X-CC-CB-X
 717 348 354 356 362   X-C1-C2-X
 718 355 354 356 362   X-C1-C2-X
 719 354 356 362 364   X-C1-C2-X
 720 354 356 362 363   X-C1-C2-X
 721 356 362 363 365   X-C1-CB-X
 722 356 362 363 366   X-C1-CB-X
 723 364 362 363 365   X-C1-CB-X
 724 364 362 363 366   X-C1-CB-X
 725 362 363 365 368   X-CC-CB-X
 726 366 363 365 368   X-CC-CB-X
 727 363 365 368 369   X-CC-CC-X
 728 365 368 369 367   X-CC-CC-X
 729 366 367 369 368   X-CC-CC-X
 730 363 366 367 369   X-CC-CC-X
 731 362 363 366 367   X-CC-CB-X
 732 365 363 366 367   X-CC-CB-X
 733 356 362 364 370   X-C1-C2-X
 734 363 362 364 370   X-C1-C2-X
 735 362 364 370 372   X-C1-C2-X
 736 362 364 370 371   X-C1-C2-X
 737 364 370 371 373   X-C1-CB-X
 738 364 370 371 374   X-C1-CB-X
 739 372 370 371 373   X-C1-CB-X
 740 372 370 371 374   X-C1-CB-X
 741 370 371 373 376   X-CC-CB-X
 742 374 371 373 376   X-CC-CB-X
 743 371 373 376 377   X-CC-CC-X
 744 373 376 377 375   X-CC-CC-X
 745 374 375 377 376   X-CC-CC-X
 746 371 374 375 377   X-CC-CC-X
 747 370 371 374 375   X-CC-CB-X
 748 373 371 374 375   X-CC-CB-X
 749 364 370 372 378   X-C1-C2-X
 750 371 370 372 378   X-C1-C2-X
 751 370 372 378 380   X-C1-C2-X
 752 370 372 378 379   X-C1-C2-X
 753 372 378 379 381   X-C1-CB-X
 754 372 378 379 382   X-C1-CB-X
 755 380 378 379 381   X-C1-CB-X
 756 380 378 379 382   X-C1-CB-X
 757 378 379 381 384   X-CC-CB-X
 758 382 379 381 384   X-CC-CB-X
 759 379 381 384 385   X-CC-CC-X
 760 381 384 385 383   X-CC-CC-X
 761 382 383 385 384   X-CC-CC-X
 762 379 382 383 385   X-CC-CC-X
 763 378 379 382 383   X-CC-CB-X
 764 381 379 382 383   X-CC-CB-X
 765 372 378 380 386   X-C1-C2-X
 766 379 378 380 386   X-C1-C2-X
 767 378 380 386 388   X-C1-C2-X
 768 378 380 386 387   X-C1-C2-X
 769 380 386 387 389   X-C1-CB-X
 770 380 386 387 390   X-C1-CB-X
 771 388 386 387 389   X-C1-CB-X
 772 388 386 387 390   X-C1-CB-X
 773 386 387 389 392   X-CC-CB-X
 774 390 387 389 392   X-CC-CB-X
 775 387 389 392 393   X-CC-CC-X
 776 389 392 393 391   X-CC-CC-X
 777 390 391 393 392   X-CC-CC-X
 778 387 390 391 393   X-CC-CC-X
 779 386 387 390 391   X-CC-CB-X
 780 389 387 390 391   X-CC-CB-X
 781 380 386 388 394   X-C1-C2-X
 782 387 386 388 394   X-C1-C2-X
 783 386 388 394 396   X-C1-C2-X
 784 386 388 394 395   X-C1-C2-X
 785 388 394 395 397   X-C1-CB-X
 786 388 394 395 398   X-C1-CB-X
 787 396 394 395 397   X-C1-CB-X
 788 396 394 395 398   X-C1-CB-X
 789 394 395 397 400   X-CC-CB-X
 790 398 395 397 400   X-CC-CB-X
 791 395 397 400 401   X-CC-CC-X
 792 397 400 401 399   X-CC-CC-X
 793 398 399 401 400   X-CC-CC-X
 794 395 398 399 401   X-CC-CC-X
 795 394 395 398 399   X-CC-CB-X
 796 397 395 398 399   X-CC-CB-X

<TORSION_IM>
   1   2   1   3   4 C1-C2-CB-C2
   2   1   3   4   2 C1-C2-CB-C2
   3  10   4  11  12 C1-C2-CB-C2
   4   4  11  12  10 C1-C2-CB-C2
   5  18  12  19  20 C1-C2-CB-C2
   6  12  19  20  18 C1-C2-CB-C2
   7  26  20  27  28 C1-C2-CB-C2
   8  20  27  28  26 C1-C2-CB-C2
   9  34  28  35  36 C1-C2-CB-C2
  10  28  35  36  34 C1-C2-CB-C2
  11  42  36  43  44 C1-C2-CB-C2
  12  36  43  44  42 C1-C2-CB-C2
  13  50  44  51  52 C1-C2-CB-C2
  14  44  51  52  50 C1-C2-CB-C2
  15  58  52  59  60 C1-C2-CB-C2
  16  52  59  60  58 C1-C2-CB-C2
  17  66  60  67  68 C1-C2-CB-C2
  18  60  67  68  66 C1-C2-CB-C2
  19  74  68  75  76 C1-C2-CB-C2
  20  68  75  76  74 C1-C2-CB-C2
  21  82  76  83  84 C1-C2-CB-C2
  22  76  83  84  82 C1-C2-CB-C2
  23  90  84  91  92 C1-C2-CB-C2
  24  84  91  92  90 C1-C2-CB-C2
  25  98  92  99 100 C1-C2-CB-C2
  26  92  99 100  98 C1-C2-CB-C2
  27 106 100 107 108 C1-C2-CB-C2
  28 100 107 108 106 C1-C2-CB-C2
  29 114 108 115 116 C1-C2-CB-C2
  30 108 115 116 114 C1-C2-CB-C2
  31 122 116 123 124 C1-C2-CB-C2
  32 116 123 124 122 C1-C2-CB-C2
  33 130 124 131 132 C1-C2-CB-C2
  34 124 131 132 130 C1-C2-CB-C2
  35 138 132 139 140 C1-C2-CB-C2
  36 132 139 140 138 C1-C2-CB-C2
  37 146 140 147 148 C1-C2-CB-C2
  38 140 147 148 146 C1-C2-CB-C2
  39 154 148 155 156 C1-C2-CB-C2
  40 148 155 156 154 C1-C2-CB-C2
  41 162 156 163 164 C1-C2-CB-C2
  42 156 163 164 162 C1-C2-CB-C2
  43 170 164 171 172 C1-C2-CB-C2
  44 164 171 172 170 C1-C2-CB-C2
  45 178 172 179 180 C1-C2-CB-C2
  46 172 179 180 178 C1-C2-CB-C2
  47 186 180 187 188 C1-C2-CB-C2
  48 180 187 188 186 C1-C2-CB-C2
  49 194 188 195 196 C1-C2-CB-C2
  50 188 195 196 194 C1-C2-CB-C2
  51 202 196 203 204 C1-C2-CB-C2
  52 196 203 204 202 C1-C2-CB-C2
  53 210 204 211 212 C1-C2-CB-C2
  54 204 211 212 210 C1-C2-CB-C2
  55 218 212 219 220 C1-C2-CB-C2
  56 212 219 220 218 C1-C2-CB-C2
  57 226 220 227 228 C1-C2-CB-C2
  58 220 227 228 226 C1-C2-CB-C2
  59 234 228 235 236 C1-C2-CB-C2
  60 228 235 236 234 C1-C2-CB-C2
  61 242 236 243 244 C1-C2-CB-C2
  62 236 243 244 242 C1-C2-CB-C2
  63 250 244 251 252 C1-C2-CB-C2
  64 244 251 252 250 C1-C2-CB-C2
  65 258 252 259 260 C1-C2-CB-C2
  66 252 259 260 258 C1-C2-CB-C2
  67 266 260 267 268 C1-C2-CB-C2
  68 260 267 268 266 C1-C2-CB-C2
  69 274 268 275 276 C1-C2-CB-C2
  70 268 275 276 274 C1-C2-CB-C2
  71 282 276 283 284 C1-C2-CB-C2
  72 276 283 284 282 C1-C2-CB-C2
  73 290 284 291 292 C1-C2-CB-C2
  74 284 291 292 290 C1-C2-CB-C2
  75 298 292 299 300 C1-C2-CB-C2
  76 292 299 300 298 C1-C2-CB-C2
  77 306 300 307 308 C1-C2-CB-C2
  78 300 307 308 306 C1-C2-CB-C2
  79 314 308 315 316 C1-C2-CB-C2
  80 308 315 316 314 C1-C2-CB-C2
  81 322 316 323 324 C1-C2-CB-C2
  82 316 323 324 322 C1-C2-CB-C2
  83 330 324 331 332 C1-C2-CB-C2
  84 324 331 332 330 C1-C2-CB-C2
  85 338 332 339 340 C1-C2-CB-C2
  86 332 339 340 338 C1-C2-CB-C2
  87 346 340 347 348 C1-C2-CB-C2
  88 340 347 348 346 C1-C2-CB-C2
  89 354 348 355 356 C1-C2-CB-C2
  90 348 355 356 354 C1-C2-CB-C2
  91 362 356 363 364 C1-C2-CB-C2
  92 356 363 364 362 C1-C2-CB-C2
  93 370 364 371 372 C1-C2-CB-C2
  94 364 371 372 370 C1-C2-CB-C2
  95 378 372 379 380 C1-C2-CB-C2
  96 372 379 380 378 C1-C2-CB-C2
  97 386 380 387 388 C1-C2-CB-C2
  98 380 387 388 386 C1-C2-CB-C2
  99 394 388 395 396 C1-C2-CB-C2
 100 388 395 396 394 C1-C2-CB-C2

<END>
