   1 C3  5.7000e-11  5.1939e-09 -3.1637e-09
   2 C1  8.4000e-12  5.1233e-09 -3.0414e-09
   3 CB  5.9400e-11  5.1947e-09 -2.9205e-09
   4 C2  5.9400e-11  4.9829e-09 -3.0428e-09
   5 CC  1.9670e-10  5.2082e-09 -2.9001e-09
   6 CC -3.0400e-11  5.2480e-09 -2.8280e-09
   7 CC  1.7100e-11  5.3148e-09 -2.7151e-09
   8 CC  2.4430e-10  5.2749e-09 -2.7872e-09
   9 CC  1.5450e-10  5.3283e-09 -2.6947e-09
  10 C1  1.0700e-11  4.9122e-09 -2.9205e-09
  11 CB -1.3870e-10  4.9123e-09 -2.9205e-09
  12 C2  6.1700e-11  4.7718e-09 -2.9219e-09
  13 CC -2.0840e-10  4.8518e-09 -3.0251e-09
  14 CC -2.0840e-10  4.9727e-09 -2.8159e-09
  15 CC -3.4790e-10  4.9726e-09 -2.8158e-09
  16 CC -3.4790e-10  4.8519e-09 -3.0251e-09
  17 CC -4.1770e-10  4.9121e-09 -2.9204e-09
  18 C1  1.3000e-11  4.7012e-09 -2.7996e-09
  19 CB -1.3630e-10  4.7012e-09 -2.7996e-09
  20 C2  6.4000e-11  4.5608e-09 -2.8010e-09
  21 CC -2.0610e-10  4.6408e-09 -2.9042e-09
  22 CC -2.0610e-10  4.7616e-09 -2.6950e-09
  23 CC -3.4560e-10  4.7616e-09 -2.6950e-09
  24 CC -3.4560e-10  4.6409e-09 -2.9043e-09
  25 CC -4.1540e-10  4.7012e-09 -2.7996e-09
  26 C1  1.5300e-11  4.4902e-09 -2.6787e-09
  27 CB  6.6300e-11  4.5616e-09 -2.5578e-09
  28 C2  6.6300e-11  4.3497e-09 -2.6801e-09
  29 CC  2.0360e-10  4.5751e-09 -2.5374e-09
  30 CC -2.3500e-11  4.6149e-09 -2.4653e-09
  31 CC  2.4000e-11  4.6816e-09 -2.3524e-09
  32 CC  2.5120e-10  4.6417e-09 -2.4245e-09
  33 CC  1.6140e-10  4.6951e-09 -2.3321e-09
  34 C1  1.7600e-11  4.2791e-09 -2.5578e-09
  35 CB -1.3170e-10  4.2791e-09 -2.5578e-09
  36 C2  6.8600e-11  4.1387e-09 -2.5592e-09
  37 CC -2.0150e-10  4.2187e-09 -2.6625e-09
  38 CC -2.0150e-10  4.3395e-09 -2.4532e-09
  39 CC -3.4100e-10  4.3395e-09 -2.4532e-09
  40 CC -3.4100e-10  4.2188e-09 -2.6625e-09
  41 CC -4.1070e-10  4.2790e-09 -2.5578e-09
  42 C1  2.0000e-11  4.0681e-09 -2.4369e-09
  43 CB -1.2940e-10  4.0681e-09 -2.4369e-09
  44 C2  7.0900e-11  3.9277e-09 -2.4384e-09
  45 CC -1.9920e-10  4.0077e-09 -2.5416e-09
  46 CC -1.9920e-10  4.1285e-09 -2.3323e-09
  47 CC -3.3870e-10  4.1284e-09 -2.3323e-09
  48 CC -3.3870e-10  4.0077e-09 -2.5416e-09
  49 CC -4.0840e-10  4.0680e-09 -2.4369e-09
  50 C1  2.2300e-11  3.8570e-09 -2.3160e-09
  51 CB  7.3200e-11  3.9285e-09 -2.1951e-09
  52 C2  7.3200e-11  3.7166e-09 -2.3175e-09
  53 CC  2.1050e-10  3.9419e-09 -2.1748e-09
  54 CC -1.6600e-11  3.9817e-09 -2.1026e-09
  55 CC  3.1000e-11  4.0485e-09 -1.9897e-09
  56 CC  2.5810e-10  4.0086e-09 -2.0618e-09
  57 CC  1.6830e-10  4.0620e-09 -1.9694e-09
  58 C1  2.4600e-11  3.6460e-09 -2.1951e-09
  59 CB -1.2480e-10  3.6460e-09 -2.1952e-09
  60 C2  7.5500e-11  3.5056e-09 -2.1966e-09
  61 CC -1.9460e-10  3.5856e-09 -2.2998e-09
  62 CC -1.9460e-10  3.7064e-09 -2.0905e-09
  63 CC -3.3410e-10  3.7063e-09 -2.0905e-09
  64 CC -3.3410e-10  3.5856e-09 -2.2998e-09
  65 CC -4.0380e-10  3.6459e-09 -2.1951e-09
  66 C1  2.6900e-11  3.4350e-09 -2.0743e-09
  67 CB -1.2250e-10  3.4350e-09 -2.0743e-09
  68 C2  7.7800e-11  3.2945e-09 -2.0757e-09
  69 CC -1.9230e-10  3.3745e-09 -2.1789e-09
  70 CC -1.9230e-10  3.4954e-09 -1.9696e-09
  71 CC -3.3180e-10  3.4953e-09 -1.9696e-09
  72 CC -3.3180e-10  3.3746e-09 -2.1789e-09
  73 CC -4.0150e-10  3.4349e-09 -2.0742e-09
  74 C1  2.9200e-11  3.2239e-09 -1.9534e-09
  75 CB  8.0100e-11  3.2954e-09 -1.8325e-09
  76 C2  8.0100e-11  3.0835e-09 -1.9548e-09
  77 CC  2.1750e-10  3.3088e-09 -1.8121e-09
  78 CC -9.7000e-12  3.3486e-09 -1.7399e-09
  79 CC  3.7900e-11  3.4154e-09 -1.6271e-09
  80 CC  2.6500e-10  3.3755e-09 -1.6992e-09
  81 CC  1.7520e-10  3.4289e-09 -1.6067e-09
  82 C1  3.1500e-11  3.0129e-09 -1.8325e-09
  83 CB -1.1790e-10  3.0129e-09 -1.8325e-09
  84 C2  8.2400e-11  2.8725e-09 -1.8339e-09
  85 CC -1.8760e-10  2.9525e-09 -1.9371e-09
  86 CC -1.8770e-10  3.0733e-09 -1.7279e-09
  87 CC -3.2720e-10  3.0732e-09 -1.7278e-09
  88 CC -3.2710e-10  2.9525e-09 -1.9371e-09
  89 CC -3.9690e-10  3.0128e-09 -1.8324e-09
  90 C1  3.3800e-11  2.8018e-09 -1.7116e-09
  91 CB -1.1560e-10  2.8018e-09 -1.7116e-09
  92 C2  8.4700e-11  2.6614e-09 -1.7130e-09
  93 CC -1.8530e-10  2.7414e-09 -1.8162e-09
  94 CC -1.8530e-10  2.8622e-09 -1.6070e-09
  95 CC -3.2490e-10  2.8622e-09 -1.6069e-09
  96 CC -3.2480e-10  2.7415e-09 -1.8163e-09
  97 CC -3.9460e-10  2.8017e-09 -1.7115e-09
  98 C1  3.6100e-11  2.5908e-09 -1.5907e-09
  99 CB -1.1330e-10  2.5908e-09 -1.5907e-09
 100 C2  8.7000e-11  2.4504e-09 -1.5921e-09
 101 CC -1.8300e-10  2.5304e-09 -1.6953e-09
 102 CC -1.8300e-10  2.6512e-09 -1.4861e-09
 103 CC -3.2250e-10  2.6511e-09 -1.4861e-09
 104 CC -3.2250e-10  2.5304e-09 -1.6954e-09
 105 CC -3.9230e-10  2.5907e-09 -1.5907e-09
 106 C1  3.8400e-11  2.3798e-09 -1.4698e-09
 107 CB -1.1100e-10  2.3797e-09 -1.4698e-09
 108 C2  8.9400e-11  2.2393e-09 -1.4712e-09
 109 CC -1.8070e-10  2.3193e-09 -1.5744e-09
 110 CC -1.8070e-10  2.4401e-09 -1.3652e-09
 111 CC -3.2020e-10  2.4401e-09 -1.3652e-09
 112 CC -3.2020e-10  2.3194e-09 -1.5745e-09
 113 CC -3.9000e-10  2.3796e-09 -1.4698e-09
 114 C1  4.0700e-11  2.1687e-09 -1.3489e-09
 115 CB -1.0870e-10  2.1687e-09 -1.3489e-09
 116 C2  9.1700e-11  2.0283e-09 -1.3503e-09
 117 CC -1.7840e-10  2.1083e-09 -1.4536e-09
 118 CC -1.7840e-10  2.2291e-09 -1.2443e-09
 119 CC -3.1790e-10  2.2291e-09 -1.2443e-09
 120 CC -3.1790e-10  2.1083e-09 -1.4536e-09
 121 CC -3.8770e-10  2.1686e-09 -1.3489e-09
 122 C1  4.3000e-11  1.9577e-09 -1.2280e-09
 123 CB  9.3900e-11  2.0291e-09 -1.1071e-09
 124 C2  9.4000e-11  1.8173e-09 -1.2294e-09
 125 CC  2.3130e-10  2.0426e-09 -1.0867e-09
 126 CC  4.1000e-12  2.0824e-09 -1.0146e-09
 127 CC  5.1700e-11  2.1491e-09 -9.0170e-10
 128 CC  2.7880e-10  2.1093e-09 -9.7380e-10
 129 CC  1.8900e-10  2.1627e-09 -8.8140e-10
 130 C1  4.5300e-11  1.7466e-09 -1.1071e-09
 131 CB -1.0410e-10  1.7466e-09 -1.1071e-09
 132 C2  9.6300e-11  1.6062e-09 -1.1086e-09
 133 CC -1.7380e-10  1.6862e-09 -1.2118e-09
 134 CC -1.7380e-10  1.8070e-09 -1.0025e-09
 135 CC -3.1330e-10  1.8070e-09 -1.0025e-09
 136 CC -3.1330e-10  1.6863e-09 -1.2118e-09
 137 CC -3.8310e-10  1.7465e-09 -1.1071e-09
 138 C1  4.7600e-11  1.5356e-09 -9.8620e-10
 139 CB  9.8500e-11  1.6070e-09 -8.6530e-10
 140 C2  9.8600e-11  1.3952e-09 -9.8770e-10
 141 CC  2.3590e-10  1.6205e-09 -8.4500e-10
 142 CC  8.8000e-12  1.6603e-09 -7.7280e-10
 143 CC  5.6300e-11  1.7271e-09 -6.5990e-10
 144 CC  2.8340e-10  1.6872e-09 -7.3200e-10
 145 CC  1.9360e-10  1.7406e-09 -6.3960e-10
 146 C1  4.9900e-11  1.3245e-09 -8.6540e-10
 147 CB  1.0090e-10  1.3960e-09 -7.4450e-10
 148 C2  1.0090e-10  1.1841e-09 -8.6680e-10
 149 CC  2.3820e-10  1.4095e-09 -7.2410e-10
 150 CC  1.1100e-11  1.4492e-09 -6.5190e-10
 151 CC  5.8600e-11  1.5160e-09 -5.3900e-10
 152 CC  2.8580e-10  1.4761e-09 -6.1110e-10
 153 CC  1.9600e-10  1.5295e-09 -5.1870e-10
 154 C1  5.2200e-11  1.1135e-09 -7.4450e-10
 155 CB -9.7100e-11  1.1135e-09 -7.4450e-10
 156 C2  1.0320e-10  9.7310e-10 -7.4590e-10
 157 CC -1.6690e-10  1.0531e-09 -8.4910e-10
 158 CC -1.6690e-10  1.1739e-09 -6.3990e-10
 159 CC -3.0640e-10  1.1738e-09 -6.3980e-10
 160 CC -3.0640e-10  1.0531e-09 -8.4920e-10
 161 CC -3.7620e-10  1.1134e-09 -7.4440e-10
 162 C1  5.4500e-11  9.0250e-10 -6.2360e-10
 163 CB  1.0550e-10  9.7390e-10 -5.0270e-10
 164 C2  1.0550e-10  7.6200e-10 -6.2500e-10
 165 CC  2.4280e-10  9.8740e-10 -4.8230e-10
 166 CC  1.5700e-11  1.0272e-09 -4.1010e-10
 167 CC  6.3200e-11  1.0939e-09 -2.9730e-10
 168 CC  2.9040e-10  1.0540e-09 -3.6940e-10
 169 CC  2.0060e-10  1.1074e-09 -2.7690e-10
 170 C1  5.6800e-11  6.9140e-10 -5.0270e-10
 171 CB -9.2500e-11  6.9140e-10 -5.0270e-10
 172 C2  1.0780e-10  5.5100e-10 -5.0410e-10
 173 CC -1.6230e-10  6.3100e-10 -6.0730e-10
 174 CC -1.6230e-10  7.5180e-10 -3.9810e-10
 175 CC -3.0180e-10  7.5170e-10 -3.9810e-10
 176 CC -3.0180e-10  6.3100e-10 -6.0740e-10
 177 CC -3.7150e-10  6.9130e-10 -5.0270e-10
 178 C1  5.9200e-11  4.8040e-10 -3.8180e-10
 179 CB  1.1010e-10  5.5180e-10 -2.6090e-10
 180 C2  1.1010e-10  3.4000e-10 -3.8320e-10
 181 CC  2.4740e-10  5.6530e-10 -2.4050e-10
 182 CC  2.0300e-11  6.0510e-10 -1.6840e-10
 183 CC  6.7800e-11  6.7180e-10 -5.5500e-11
 184 CC  2.9500e-10  6.3200e-10 -1.2760e-10
 185 CC  2.0520e-10  6.8540e-10 -3.5100e-11
 186 C1  6.1500e-11  2.6930e-10 -2.6090e-10
 187 CB -8.7900e-11  2.6930e-10 -2.6090e-10
 188 C2  1.1240e-10  1.2890e-10 -2.6230e-10
 189 CC -1.5770e-10  2.0890e-10 -3.6560e-10
 190 CC -1.5770e-10  3.2970e-10 -1.5630e-10
 191 CC -2.9720e-10  3.2970e-10 -1.5630e-10
 192 CC -2.9720e-10  2.0900e-10 -3.6560e-10
 193 CC -3.6690e-10  2.6920e-10 -2.6090e-10
 194 C1  6.3800e-11  5.8300e-11 -1.4000e-10
 195 CB -8.5600e-11  5.8300e-11 -1.4000e-10
 196 C2  1.1470e-10 -8.2100e-11 -1.4140e-10
 197 CC -1.5540e-10 -2.1000e-12 -2.4470e-10
 198 CC -1.5540e-10  1.1870e-10 -3.5400e-11
 199 CC -2.9490e-10  1.1860e-10 -3.5400e-11
 200 CC -2.9490e-10 -2.1000e-12 -2.4470e-10
 201 CC -3.6460e-10  5.8200e-11 -1.4000e-10
 202 C1  6.6100e-11 -1.5280e-10 -1.9100e-11
 203 CB -8.3300e-11 -1.5280e-10 -1.9200e-11
 204 C2  1.1700e-10 -2.9320e-10 -2.0600e-11
 205 CC -1.5310e-10 -2.1320e-10 -1.2380e-10
 206 CC -1.5310e-10 -9.2400e-11  8.5500e-11
 207 CC -2.9260e-10 -9.2400e-11  8.5500e-11
 208 CC -2.9260e-10 -2.1310e-10 -1.2380e-10
 209 CC -3.6230e-10 -1.5290e-10 -1.9100e-11
 210 C1  6.8400e-11 -3.6380e-10  1.0170e-10
 211 CB  1.1930e-10 -2.9240e-10  2.2270e-10
 212 C2  1.1930e-10 -5.0420e-10  1.0030e-10
 213 CC  2.5660e-10 -2.7890e-10  2.4300e-10
 214 CC  2.9500e-11 -2.3910e-10  3.1520e-10
 215 CC  7.7000e-11 -1.7230e-10  4.2810e-10
 216 CC  3.0420e-10 -2.1220e-10  3.5600e-10
 217 CC  2.1440e-10 -1.5880e-10  4.4840e-10
 218 C1  7.0700e-11 -5.7480e-10  2.2260e-10
 219 CB  1.2160e-10 -5.0340e-10  3.4350e-10
 220 C2  1.2160e-10 -7.1530e-10  2.2120e-10
 221 CC  2.5890e-10 -4.8990e-10  3.6390e-10
 222 CC  3.1800e-11 -4.5010e-10  4.3610e-10
 223 CC  7.9300e-11 -3.8340e-10  5.4900e-10
 224 CC  3.0650e-10 -4.2330e-10  4.7690e-10
 225 CC  2.1670e-10 -3.6990e-10  5.6930e-10
 226 C1  7.3000e-11 -7.8590e-10  3.4350e-10
 227 CB -7.6400e-11 -7.8590e-10  3.4350e-10
 228 C2  1.2390e-10 -9.2630e-10  3.4210e-10
 229 CC -1.4610e-10 -8.4630e-10  2.3890e-10
 230 CC -1.4620e-10 -7.2550e-10  4.4810e-10
 231 CC -2.8570e-10 -7.2560e-10  4.4810e-10
 232 CC -2.8560e-10 -8.4630e-10  2.3880e-10
 233 CC -3.5540e-10 -7.8600e-10  3.4350e-10
 234 C1  7.5300e-11 -9.9690e-10  4.6440e-10
 235 CB -7.4100e-11 -9.9690e-10  4.6440e-10
 236 C2  1.2620e-10 -1.1373e-09  4.6300e-10
 237 CC -1.4380e-10 -1.0574e-09  3.5970e-10
 238 CC -1.4390e-10 -9.3650e-10  5.6900e-10
 239 CC -2.8340e-10 -9.3660e-10  5.6900e-10
 240 CC -2.8330e-10 -1.0573e-09  3.5970e-10
 241 CC -3.5310e-10 -9.9710e-10  4.6440e-10
 242 C1  7.7600e-11 -1.2080e-09  5.8530e-10
 243 CB  1.2850e-10 -1.1365e-09  7.0620e-10
 244 C2  1.2850e-10 -1.3484e-09  5.8390e-10
 245 CC  2.6580e-10 -1.1231e-09  7.2660e-10
 246 CC  3.8700e-11 -1.0833e-09  7.9870e-10
 247 CC  8.6200e-11 -1.0165e-09  9.1160e-10
 248 CC  3.1340e-10 -1.0564e-09  8.3950e-10
 249 CC  2.2360e-10 -1.0030e-09  9.3200e-10
 250 C1  7.9900e-11 -1.4190e-09  7.0620e-10
 251 CB  1.3080e-10 -1.3476e-09  8.2710e-10
 252 C2  1.3080e-10 -1.5594e-09  7.0480e-10
 253 CC  2.6810e-10 -1.3341e-09  8.4750e-10
 254 CC  4.1000e-11 -1.2943e-09  9.1960e-10
 255 CC  8.8500e-11 -1.2275e-09  1.0325e-09
 256 CC  3.1570e-10 -1.2674e-09  9.6040e-10
 257 CC  2.2590e-10 -1.2140e-09  1.0529e-09
 258 C1  8.2200e-11 -1.6301e-09  8.2710e-10
 259 CB  1.3310e-10 -1.5586e-09  9.4800e-10
 260 C2  1.3310e-10 -1.7705e-09  8.2570e-10
 261 CC  2.7040e-10 -1.5452e-09  9.6840e-10
 262 CC  4.3300e-11 -1.5054e-09  1.0405e-09
 263 CC  9.0800e-11 -1.4386e-09  1.1534e-09
 264 CC  3.1800e-10 -1.4785e-09  1.0813e-09
 265 CC  2.2820e-10 -1.4251e-09  1.1738e-09
 266 C1  8.4500e-11 -1.8411e-09  9.4800e-10
 267 CB -6.4900e-11 -1.8411e-09  9.4790e-10
 268 C2  1.3540e-10 -1.9815e-09  9.4650e-10
 269 CC -1.3460e-10 -1.9015e-09  8.4330e-10
 270 CC -1.3470e-10 -1.7807e-09  1.0526e-09
 271 CC -2.7420e-10 -1.7808e-09  1.0526e-09
 272 CC -2.7410e-10 -1.9015e-09  8.4320e-10
 273 CC -3.4390e-10 -1.8413e-09  9.4800e-10
 274 C1  8.6800e-11 -2.0522e-09  1.0689e-09
 275 CB -6.2600e-11 -2.0522e-09  1.0688e-09
 276 C2  1.3770e-10 -2.1926e-09  1.0674e-09
 277 CC -1.3230e-10 -2.1126e-09  9.6420e-10
 278 CC -1.3240e-10 -1.9918e-09  1.1734e-09
 279 CC -2.7190e-10 -1.9918e-09  1.1735e-09
 280 CC -2.7180e-10 -2.1125e-09  9.6410e-10
 281 CC -3.4160e-10 -2.0523e-09  1.0688e-09
 282 C1  8.9100e-11 -2.2632e-09  1.1897e-09
 283 CB  1.4000e-10 -2.1917e-09  1.3106e-09
 284 C2  1.4000e-10 -2.4036e-09  1.1883e-09
 285 CC  2.7740e-10 -2.1783e-09  1.3310e-09
 286 CC  5.0200e-11 -2.1385e-09  1.4032e-09
 287 CC  9.7700e-11 -2.0717e-09  1.5161e-09
 288 CC  3.2490e-10 -2.1116e-09  1.4440e-09
 289 CC  2.3510e-10 -2.0582e-09  1.5364e-09
 290 C1  9.1400e-11 -2.4742e-09  1.3106e-09
 291 CB  1.4230e-10 -2.4028e-09  1.4315e-09
 292 C2  1.4240e-10 -2.6146e-09  1.3092e-09
 293 CC  2.7970e-10 -2.3893e-09  1.4519e-09
 294 CC  5.2500e-11 -2.3495e-09  1.5241e-09
 295 CC  1.0000e-10 -2.2828e-09  1.6369e-09
 296 CC  3.2720e-10 -2.3226e-09  1.5649e-09
 297 CC  2.3740e-10 -2.2692e-09  1.6573e-09
 298 C1  9.3700e-11 -2.6853e-09  1.4315e-09
 299 CB  1.4460e-10 -2.6138e-09  1.5524e-09
 300 C2  1.4470e-10 -2.8257e-09  1.4301e-09
 301 CC  2.8200e-10 -2.6004e-09  1.5728e-09
 302 CC  5.4800e-11 -2.5606e-09  1.6450e-09
 303 CC  1.0230e-10 -2.4938e-09  1.7578e-09
 304 CC  3.2950e-10 -2.5337e-09  1.6858e-09
 305 CC  2.3970e-10 -2.4803e-09  1.7782e-09
 306 C1  9.6000e-11 -2.8963e-09  1.5524e-09
 307 CB  1.4690e-10 -2.8249e-09  1.6733e-09
 308 C2  1.4700e-10 -3.0367e-09  1.5510e-09
 309 CC  2.8430e-10 -2.8114e-09  1.6937e-09
 310 CC  5.7100e-11 -2.7716e-09  1.7658e-09
 311 CC  1.0460e-10 -2.7048e-09  1.8787e-09
 312 CC  3.3180e-10 -2.7447e-09  1.8067e-09
 313 CC  2.4200e-10 -2.6913e-09  1.8991e-09
 314 C1  9.8300e-11 -3.1074e-09  1.6733e-09
 315 CB -5.1100e-11 -3.1074e-09  1.6733e-09
 316 C2  1.4930e-10 -3.2478e-09  1.6719e-09
 317 CC -1.2080e-10 -3.1678e-09  1.5686e-09
 318 CC -1.2090e-10 -3.0470e-09  1.7779e-09
 319 CC -2.6040e-10 -3.0470e-09  1.7779e-09
 320 CC -2.6030e-10 -3.1677e-09  1.5686e-09
 321 CC -3.3010e-10 -3.1075e-09  1.6733e-09
 322 C1  1.0060e-10 -3.3184e-09  1.7942e-09
 323 CB  1.5150e-10 -3.2470e-09  1.9151e-09
 324 C2  1.5160e-10 -3.4588e-09  1.7928e-09
 325 CC  2.8890e-10 -3.2335e-09  1.9355e-09
 326 CC  6.1700e-11 -3.1937e-09  2.0076e-09
 327 CC  1.0920e-10 -3.1269e-09  2.1205e-09
 328 CC  3.3640e-10 -3.1668e-09  2.0484e-09
 329 CC  2.4660e-10 -3.1134e-09  2.1409e-09
 330 C1  1.0290e-10 -3.5294e-09  1.9151e-09
 331 CB  1.5380e-10 -3.4580e-09  2.0360e-09
 332 C2  1.5390e-10 -3.6699e-09  1.9137e-09
 333 CC  2.9120e-10 -3.4445e-09  2.0564e-09
 334 CC  6.4000e-11 -3.4047e-09  2.1285e-09
 335 CC  1.1150e-10 -3.3380e-09  2.2414e-09
 336 CC  3.3870e-10 -3.3779e-09  2.1693e-09
 337 CC  2.4890e-10 -3.3244e-09  2.2618e-09
 338 C1  1.0520e-10 -3.7405e-09  2.0360e-09
 339 CB -4.4200e-11 -3.7405e-09  2.0359e-09
 340 C2  1.5620e-10 -3.8809e-09  2.0346e-09
 341 CC -1.1390e-10 -3.8009e-09  1.9313e-09
 342 CC -1.1390e-10 -3.6801e-09  2.1406e-09
 343 CC -2.5340e-10 -3.6802e-09  2.1406e-09
 344 CC -2.5340e-10 -3.8009e-09  1.9313e-09
 345 CC -3.2320e-10 -3.7406e-09  2.0360e-09
 346 C1  1.0750e-10 -3.9515e-09  2.1569e-09
 347 CB -4.1900e-11 -3.9515e-09  2.1568e-09
 348 C2  1.5850e-10 -4.0919e-09  2.1555e-09
 349 CC -1.1160e-10 -4.0120e-09  2.0522e-09
 350 CC -1.1160e-10 -3.8911e-09  2.2615e-09
 351 CC -2.5110e-10 -3.8912e-09  2.2615e-09
 352 CC -2.5110e-10 -4.0119e-09  2.0522e-09
 353 CC -3.2090e-10 -3.9517e-09  2.1569e-09
 354 C1  1.0980e-10 -4.1626e-09  2.2778e-09
 355 CB -3.9600e-11 -4.1626e-09  2.2777e-09
 356 C2  1.6080e-10 -4.3030e-09  2.2763e-09
 357 CC -1.0930e-10 -4.2230e-09  2.1731e-09
 358 CC -1.0930e-10 -4.1022e-09  2.3823e-09
 359 CC -2.4880e-10 -4.1022e-09  2.3824e-09
 360 CC -2.4880e-10 -4.2230e-09  2.1730e-09
 361 CC -3.1860e-10 -4.1627e-09  2.2777e-09
 362 C1  1.1210e-10 -4.3736e-09  2.3987e-09
 363 CB  1.6300e-10 -4.3022e-09  2.5196e-09
 364 C2  1.6310e-10 -4.5140e-09  2.3972e-09
 365 CC  3.0040e-10 -4.2887e-09  2.5400e-09
 366 CC  7.3200e-11 -4.2489e-09  2.6121e-09
 367 CC  1.2080e-10 -4.1821e-09  2.7250e-09
 368 CC  3.4790e-10 -4.2220e-09  2.6529e-09
 369 CC  2.5810e-10 -4.1686e-09  2.7453e-09
 370 C1  1.1440e-10 -4.5847e-09  2.5195e-09
 371 CB  1.6530e-10 -4.5132e-09  2.6405e-09
 372 C2  1.6540e-10 -4.7251e-09  2.5181e-09
 373 CC  3.0270e-10 -4.4997e-09  2.6608e-09
 374 CC  7.5500e-11 -4.4600e-09  2.7330e-09
 375 CC  1.2310e-10 -4.3932e-09  2.8459e-09
 376 CC  3.5020e-10 -4.4331e-09  2.7738e-09
 377 CC  2.6040e-10 -4.3797e-09  2.8662e-09
 378 C1  1.1670e-10 -4.7957e-09  2.6404e-09
 379 CB  1.6760e-10 -4.7242e-09  2.7613e-09
 380 C2  1.6770e-10 -4.9361e-09  2.6390e-09
 381 CC  3.0500e-10 -4.7108e-09  2.7817e-09
 382 CC  7.7800e-11 -4.6710e-09  2.8539e-09
 383 CC  1.2540e-10 -4.6042e-09  2.9667e-09
 384 CC  3.5250e-10 -4.6441e-09  2.8947e-09
 385 CC  2.6270e-10 -4.5907e-09  2.9871e-09
 386 C1  1.1900e-10 -5.0067e-09  2.7613e-09
 387 CB  1.6990e-10 -4.9353e-09  2.8822e-09
 388 C2  1.7000e-10 -5.1471e-09  2.7599e-09
 389 CC  3.0730e-10 -4.9218e-09  2.9026e-09
 390 CC  8.0100e-11 -4.8820e-09  2.9748e-09
 391 CC  1.2770e-10 -4.8153e-09  3.0876e-09
 392 CC  3.5480e-10 -4.8551e-09  3.0156e-09
 393 CC  2.6500e-10 -4.8018e-09  3.1080e-09
 394 C1  1.2130e-10 -5.2178e-09  2.8822e-09
 395 CB  1.7220e-10 -5.1463e-09  3.0031e-09
 396 C3  1.7230e-10 -5.3582e-09  2.8808e-09
 397 CC  3.0960e-10 -5.1329e-09  3.0235e-09
 398 CC  8.2400e-11 -5.0931e-09  3.0956e-09
 399 CC  1.3000e-10 -5.0263e-09  3.2085e-09
 400 CC  3.5710e-10 -5.0662e-09  3.1365e-09
 401 CC  2.6730e-10 -5.0128e-09  3.2289e-09
END
